data/gpw_v4_population_density_rev11_2005_1_deg.asc
ncols         360
nrows         180
xllcorner     -180
yllcorner     -90
cellsize      1
NODATA_value  -9999
[rows 0 to 31 of 180, columns 213 to 283 of 360]
-9999 -9999 -9999 -9999 -9999 -9999 -9999 -9999 -9999 -9999 -9999 -9999 -9999 -9999 -9999 -9999 -9999 -9999 -9999 -9999 -9999 -9999 -9999 -9999 -9999 -9999 -9999 -9999 -9999 -9999 -9999 -9999 -9999 -9999 -9999 -9999 -9999 -9999 -9999 -9999 -9999 -9999 -9999 -9999 -9999 -9999 -9999 -9999 -9999 -9999 -9999 -9999 -9999 -9999 -9999 -9999 -9999 -9999 -9999 -9999 -9999 -9999 -9999 -9999 -9999 -9999 -9999 -9999 -9999 -9999 -9999
-9999 -9999 -9999 -9999 -9999 -9999 -9999 -9999 -9999 -9999 -9999 -9999 -9999 -9999 -9999 -9999 -9999 -9999 -9999 -9999 -9999 -9999 -9999 -9999 -9999 -9999 -9999 -9999 -9999 -9999 -9999 -9999 -9999 -9999 -9999 -9999 -9999 -9999 -9999 -9999 -9999 -9999 -9999 -9999 -9999 -9999 -9999 -9999 -9999 -9999 -9999 -9999 -9999 -9999 -9999 -9999 -9999 -9999 -9999 -9999 -9999 -9999 -9999 -9999 -9999 -9999 -9999 -9999 -9999 -9999 -9999
-9999 -9999 -9999 -9999 -9999 -9999 -9999 -9999 -9999 -9999 -9999 -9999 -9999 -9999 -9999 -9999 -9999 -9999 -9999 -9999 -9999 -9999 -9999 -9999 -9999 -9999 -9999 -9999 -9999 -9999 -9999 -9999 -9999 -9999 -9999 -9999 -9999 -9999 -9999 -9999 -9999 -9999 -9999 -9999 -9999 -9999 -9999 -9999 -9999 -9999 -9999 -9999 -9999 -9999 -9999 -9999 -9999 -9999 -9999 -9999 -9999 -9999 -9999 -9999 -9999 -9999 -9999 -9999 -9999 -9999 -9999
-9999 -9999 -9999 -9999 -9999 -9999 -9999 -9999 -9999 -9999 -9999 -9999 -9999 -9999 -9999 -9999 -9999 -9999 -9999 -9999 -9999 -9999 -9999 -9999 -9999 -9999 -9999 -9999 -9999 -9999 -9999 -9999 -9999 -9999 -9999 -9999 -9999 -9999 -9999 -9999 -9999 -9999 -9999 -9999 -9999 -9999 -9999 -9999 -9999 -9999 -9999 -9999 -9999 -9999 -9999 -9999 -9999 -9999 -9999 -9999 -9999 -9999 -9999 -9999 -9999 -9999 -9999 -9999 -9999 -9999 -9999
-9999 -9999 -9999 -9999 -9999 -9999 -9999 -9999 -9999 -9999 -9999 -9999 -9999 -9999 -9999 -9999 -9999 -9999 -9999 -9999 -9999 -9999 -9999 -9999 -9999 -9999 -9999 -9999 -9999 -9999 -9999 -9999 -9999 -9999 -9999 -9999 -9999 -9999 -9999 -9999 -9999 -9999 -9999 -9999 -9999 -9999 -9999 -9999 -9999 -9999 -9999 -9999 -9999 -9999 -9999 -9999 -9999 -9999 -9999 -9999 -9999 -9999 -9999 -9999 -9999 -9999 -9999 -9999 -9999 -9999 -9999
-9999 -9999 -9999 -9999 -9999 -9999 -9999 -9999 -9999 -9999 -9999 -9999 -9999 -9999 -9999 -9999 -9999 -9999 -9999 -9999 -9999 -9999 -9999 -9999 -9999 -9999 -9999 -9999 -9999 -9999 -9999 -9999 -9999 -9999 -9999 -9999 -9999 -9999 -9999 -9999 -9999 -9999 -9999 -9999 -9999 -9999 -9999 -9999 -9999 -9999 -9999 -9999 -9999 -9999 -9999 -9999 -9999 -9999 -9999 -9999 -9999 -9999 -9999 -9999 -9999 -9999 -9999 -9999 -9999 -9999 -9999
-9999 -9999 -9999 -9999 -9999 -9999 -9999 -9999 -9999 -9999 -9999 -9999 -9999 -9999 -9999 -9999 -9999 -9999 -9999 -9999 -9999 -9999 -9999 -9999 -9999 -9999 -9999 -9999 -9999 -9999 -9999 -9999 -9999 -9999 -9999 -9999 -9999 -9999 -9999 -9999 -9999 -9999 -9999 -9999 -9999 -9999 -9999 -9999 -9999 -9999 -9999 -9999 -9999 -9999 -9999 -9999 -9999 -9999 -9999 -9999 -9999 -9999 -9999 -9999 -9999 -9999 -9999 -9999 -9999 -9999 -9999
-9999 -9999 -9999 -9999 -9999 -9999 -9999 -9999 -9999 -9999 -9999 -9999 -9999 -9999 -9999 -9999 -9999 -9999 -9999 -9999 -9999 -9999 -9999 -9999 -9999 -9999 -9999 -9999 -9999 -9999 -9999 -9999 -9999 -9999 -9999 -9999 -9999 -9999 -9999 -9999 -9999 -9999 -9999 -9999 -9999 -9999 -9999 -9999 -9999 -9999 -9999 -9999 -9999 -9999 -9999 -9999 -9999 -9999 -9999 -9999 -9999 -9999 -9999 -9999 -9999 -9999 -9999 -9999 -9999 -9999 -9999
-9999 -9999 -9999 -9999 -9999 -9999 -9999 -9999 -9999 -9999 -9999 -9999 -9999 -9999 -9999 -9999 -9999 0.04231247 0.04231249 -9999 -9999 0.04231246 0.04231249 0.04231247 0.04231248 0.04231248 0.04231247 0.04231249 0.0423125 0.04231241 0.0423125 0.0423125 0.0423125 -9999 -9999 -9999 -9999 -9999 -9999 -9999 -9999 -9999 -9999 -9999 -9999 -9999 -9999 -9999 -9999 -9999 -9999 -9999 -9999 -9999 -9999 -9999 -9999 0.04620849 0.04620845 -9999 0.04620849 0.04620849 0.04620849 0.04620849 -9999 -9999 -9999 -9999 -9999 -9999 -9999
0 -9999 -9999 0.08858129 -9999 -9999 -9999 -9999 -9999 -9999 -9999 0.04231249 0.04231249 0.04231248 0.0423125 0.04231249 0.04231249 0.04231249 0.04231246 0.04231247 0.04231249 0.04231249 0.04231248 0.04231247 0.04231249 0.04231249 0.04231248 0.04231249 0.04231249 0.04231243 0.04231249 0.04231249 0.04231247 -9999 -9999 -9999 -9999 -9999 -9999 -9999 -9999 -9999 -9999 -9999 -9999 0.04620848 0.04620849 -9999 -9999 -9999 -9999 -9999 -9999 -9999 -9999 -9999 -9999 0.04620849 0.04620849 0.04620849 0.04620849 0.04620849 0.04620849 0.04620849 0.04620849 0.04620848 0.04620849 -9999 -9999 -9999 -9999
-9999 -9999 -9999 -9999 -9999 -9999 -9999 -9999 -9999 -9999 -9999 -9999 -9999 -9999 -9999 -9999 -9999 0.0423125 0.0423125 -9999 -9999 -9999 -9999 -9999 -9999 0.04231248 0.04231244 0.0423125 -9999 -9999 -9999 -9999 -9999 -9999 -9999 -9999 -9999 -9999 -9999 -9999 -9999 -9999 -9999 0.04620849 0.04620849 -9999 -9999 -9999 -9999 -9999 -9999 -9999 -9999 -9999 -9999 -9999 -9999 0.04620849 0.04620849 0.04620849 0.04620849 0.04620849 0.04620849 0.04620849 0.04620849 0.04620849 0.04620849 0.04620849 0.04620849 0.04620849 0.04620849
-9999 -9999 -9999 -9999 -9999 -9999 -9999 -9999 -9999 -9999 -9999 -9999 -9999 -9999 -9999 -9999 -9999 -9999 -9999 -9999 -9999 -9999 -9999 -9999 -9999 -9999 -9999 -9999 -9999 -9999 -9999 -9999 -9999 -9999 -9999 -9999 -9999 -9999 -9999 -9999 -9999 -9999 -9999 -9999 -9999 -9999 -9999 -9999 -9999 -9999 -9999 -9999 -9999 -9999 -9999 -9999 -9999 -9999 -9999 -9999 0.04620849 -9999 0.04620849 0.04620849 0.04620849 0.04620847 0.04620849 0.04620849 0.04620849 0.04620849 0.04620849
-9999 -9999 -9999 -9999 -9999 -9999 -9999 -9999 -9999 -9999 -9999 -9999 -9999 -9999 -9999 -9999 -9999 -9999 -9999 -9999 -9999 -9999 -9999 -9999 -9999 -9999 -9999 -9999 -9999 -9999 -9999 -9999 -9999 -9999 0.04231249 -9999 -9999 -9999 -9999 -9999 -9999 -9999 -9999 -9999 -9999 -9999 -9999 -9999 -9999 0.04620847 -9999 -9999 -9999 -9999 -9999 0.04620849 0.04620849 0.04620848 0.04620849 0.04620849 -9999 -9999 0.04620849 0.04620849 -9999 -9999 0.04620846 0.04620848 0.04620849 0.04620849 0.04620849
-9999 -9999 -9999 -9999 -9999 -9999 -9999 -9999 -9999 -9999 -9999 -9999 -9999 -9999 -9999 -9999 -9999 -9999 -9999 -9999 -9999 -9999 -9999 -9999 -9999 0.04231249 0.04231249 0.04231249 0.0423125 0.0423125 0.04231249 0.0423125 0.04231249 0.04231249 0.04231249 0.04231249 0.0423125 -9999 -9999 -9999 -9999 -9999 -9999 -9999 -9999 -9999 -9999 -9999 -9999 -9999 -9999 -9999 -9999 -9999 -9999 0.04620849 0.04620849 -9999 0.04620849 0.04620842 0.04620849 0.04620848 0.04620848 0.04620849 0.04620849 0.04620849 0.04620849 0.04620849 0.04620849 0.04620849 0.04620849
-9999 -9999 -9999 -9999 -9999 -9999 -9999 -9999 -9999 -9999 -9999 -9999 -9999 -9999 -9999 -9999 -9999 -9999 -9999 -9999 -9999 -9999 0.0423125 0.04231249 0.04231249 0.04231249 0.0423125 0.0423125 0.04231249 0.0423125 0.0423125 0.0423125 0.0423125 0.0423125 -9999 -9999 -9999 -9999 -9999 -9999 -9999 -9999 -9999 -9999 -9999 -9999 -9999 -9999 0.04620849 0.04620848 0.04620849 -9999 -9999 0.04620849 0.04620849 0.04620849 0.04620849 0.04620849 0.04620849 0.04620849 0.04620849 0.04620849 0.04620849 0.04620849 0.04620849 0.04620849 0.04620849 0.04620849 0.04620849 0.04620849 0.04620849
-9999 -9999 -9999 -9999 -9999 -9999 -9999 -9999 -9999 -9999 -9999 -9999 -9999 -9999 -9999 -9999 -9999 -9999 -9999 -9999 -9999 0.0423125 0.04231249 0.04231249 0.0423125 0.04231249 0.04231249 0.04231249 -9999 -9999 -9999 -9999 -9999 -9999 -9999 -9999 -9999 -9999 -9999 -9999 -9999 -9999 -9999 -9999 -9999 -9999 0.04620848 -9999 -9999 0.04620849 0.04620849 0.04620848 0.04620849 0.04620849 0.04620849 0.04620849 0.04620849 0.04620849 0.04620849 0.04620849 0.04620849 0.04620849 0.04620849 0.04620849 0.04620849 0.04620849 0.04620849 0.04620849 0.04620849 0.04620849 0.04620849
-9999 -9999 -9999 -9999 -9999 -9999 -9999 -9999 -9999 -9999 -9999 -9999 -9999 -9999 -9999 -9999 -9999 -9999 -9999 -9999 0.0423125 0.0423125 0.0423125 0.0423125 0.0423125 0.04231249 -9999 -9999 -9999 -9999 -9999 -9999 -9999 -9999 -9999 -9999 0.8213576 0.8213576 0.8213575 -9999 -9999 0.8213576 0.8213575 0.8213576 -9999 0.04620849 0.04620849 0.04620849 0.04620849 0.04620849 0.04620849 0.04620849 0.04620849 0.04620849 0.04620849 0.04620849 0.04620849 0.04620849 0.04620849 0.04620849 0.04620849 0.04620849 0.04620849 0.04620849 0.04620849 0.04620849 0.04620849 0.04620849 0.04620849 0.04620849 0.04620849
-9999 -9999 -9999 -9999 -9999 -9999 -9999 -9999 -9999 -9999 -9999 -9999 -9999 -9999 -9999 -9999 -9999 -9999 0.0423125 0.0423125 0.0423125 0.04231249 0.04231249 0.04231249 -9999 -9999 -9999 -9999 -9999 -9999 -9999 -9999 -9999 -9999 -9999 0.8213577 0.8213576 0.8213576 0.8213576 0.8213576 -9999 0.8213575 0.8213575 0.8213575 0.8213575 0.5384636 0.1125599 0.04620849 0.04620849 0.04620849 0.04620849 0.04620849 0.04620849 0.04620849 0.04620849 0.04620849 0.04620849 0.04620849 0.04620849 0.04620849 0.04620849 0.04620849 0.04620849 0.04620849 0.04620849 0.04620849 0.04620849 0.04620849 0.04620849 0.04620849 0.04620849
-9999 -9999 -9999 -9999 -9999 -9999 -9999 -9999 -9999 -9999 -9999 -9999 -9999 -9999 -9999 -9999 -9999 -9999 0.0423125 0.04231249 0.0423125 0.0423125 0.0423125 0.04231249 -9999 -9999 -9999 -9999 -9999 -9999 -9999 -9999 -9999 0.8213577 0.8213576 0.8213576 0.8213576 0.8213575 0.8213576 0.8213576 0.8213575 0.8213576 0.8213575 0.8213575 0.8213576 0.8213576 0.5916131 0.1156371 0.04620849 0.04620849 0.04620849 0.04620849 0.04620849 0.04620849 0.04620849 0.04620849 0.04620849 0.04620849 0.04620849 0.04620849 0.04620849 0.04620849 0.04620849 0.04620849 0.04620849 0.04620849 0.04620849 0.04620849 0.04620849 0.04620849 0.04620849
-9999 -9999 -9999 -9999 -9999 -9999 -9999 -9999 -9999 -9999 -9999 -9999 -9999 -9999 -9999 -9999 -9999 -9999 -9999 0.0423125 0.0423125 0.0423125 0.0423125 0.04231249 0.04231249 0.1309167 0.1309167 0.1309167 -9999 -9999 -9999 -9999 -9999 0.8213576 0.8213576 0.8213576 0.8213576 0.8213575 0.8213575 0.8213575 0.8213577 0.8213577 0.8213575 0.8213576 0.8213575 0.8213576 0.7031687 0.3535624 0.04620849 0.04620849 0.04620849 0.04620849 0.04620849 0.04620849 0.04620849 0.04620849 0.04620849 0.04620849 0.04620849 0.04620849 0.04620849 0.04620849 0.04620849 0.04620849 0.04620849 0.04620849 0.04620849 0.04620849 0.04620849 0.04620849 0.04620849
90.41487 1.806597 1.806597 1.673262 -9999 -9999 -9999 -9999 -9999 -9999 -9999 -9999 -9999 -9999 -9999 0.1309167 0.1309167 0.1309167 -9999 -9999 -9999 -9999 -9999 -9999 -9999 0.1309167 0.1309167 0.1309167 0.1309167 0.1309167 0.1309167 0.2253614 0.8095744 0.8213575 0.8213576 0.8213575 0.8213575 0.8213575 0.8213576 0.8213576 0.8213576 0.8213576 0.8213577 0.8213575 0.8213576 0.8187994 0.4990189 0.2891343 0.27558 0.1031599 0.04620849 0.04620849 0.04620849 0.04620849 23.71189 23.17688 0.04620849 0.04620849 0.04620849 0.04620849 0.04620849 0.04588737 0.03935335 0.03429107 0.02964881 0.02764494 0.02568622 0.02939114 0.03170159 0.03593874 0.03774239
71.85165 0.7680382 0.6396974 0.3162207 0.2493595 0.2678001 2.676698 -9999 -9999 -9999 0.1309167 0.1309167 0.1309167 0.1309167 -9999 0.1309167 0.1309167 0.1309167 0.1309167 0.1309167 0.1309167 0.1309167 0.1309167 0.1309167 0.1309167 0.1309167 0.1309167 0.1309167 0.1309167 0.1309167 0.1553871 1.326967 1.245979 0.8213576 0.8213577 0.8213576 0.8213576 0.8213576 0.8213575 0.8213575 0.8213576 0.8213575 0.8213575 0.8213576 0.8213575 0.8213576 0.8213575 0.8213575 0.8213577 0.5229524 0.04956838 0.04620849 0.04732703 0.04893332 1.350077 0.04620849 0.04620849 0.04620849 0.04620849 0.04364857 0.03591307 0.02840066 0.02229053 0.02229053 0.02229053 0.02229053 0.02229053 0.02229053 0.02229053 0.02229053 0.02229053
18.97324 4.868251 0.268768 0.2493595 0.2493595 0.2493595 0.4076077 0.3654484 0.3101177 -9999 0.1309167 0.1309167 0.1309167 0.1309167 0.1309167 0.1309167 0.1309167 0.1309167 0.1310624 0.9223852 4.88007 0.1315251 0.1315417 0.1315745 0.131603 0.1316117 0.1314424 0.1315861 0.3091478 1.649979 3.715515 4.822131 3.582567 1.011965 0.8213577 0.8213575 0.8213576 0.8213576 0.8213576 0.8213576 0.8213576 0.8213575 0.8213576 0.8213575 0.8213576 0.8213576 0.8213576 0.8213576 0.7952552 0.2680117 0.08802062 0.06606265 0.08637821 0.09074612 0.07245815 0.06590146 0.06720328 0.06462157 0.03543669 0.02273368 0.02229053 0.02229053 0.02229053 0.02229053 0.02229053 0.02229053 0.02229053 0.02229053 0.02229053 0.02229053 0.02229053
0.9010906 0.4719741 0.3664494 0.3577098 0.3452764 0.320436 0.3149571 0.2616484 0.3054586 0.3279155 0.3279155 0.2134091 0.1591249 0.135774 0.131293 0.153686 0.1838458 0.2402683 0.3066932 0.3425776 0.6585792 1.650322 1.705525 1.705525 1.705525 1.633538 1.251034 1.250583 1.272772 2.980353 3.087713 1.86178 0.8864591 0.8213576 0.8213577 0.8213576 0.8213577 0.8213576 0.8213575 0.8213575 0.8213576 0.8213576 0.8213576 0.8213575 0.8213576 0.8213576 0.8213575 0.8213575 0.8213576 0.8106093 0.2489564 0.09641259 0.0964126 0.09641258 0.09641259 0.09611395 0.06279273 0.03332696 0.02229053 0.02229053 0.02229053 0.02229053 0.02229053 0.02229053 0.02229053 0.02229053 0.02229053 0.02229053 0.02229053 0.02229053 0.02229053
1.748798 2.178833 1.355204 1.352236 1.352236 -9999 1.352236 1.29492 0.8225043 0.4915525 0.4304259 0.3372183 0.319366 0.3120159 0.2916977 0.3166443 0.3332867 0.3425747 0.3425776 0.3864546 1.041895 1.221682 1.843776 1.974104 2.017214 2.023402 1.506052 1.324863 2.006837 1.748913 0.8213576 0.8213576 0.8213576 0.8213575 0.8213576 0.8213576 0.8213575 0.8213576 0.8213576 0.8213575 0.8213575 0.8213576 0.8213576 0.8213576 0.8213575 0.8213575 0.8213577 0.8213576 0.8213576 0.8213576 0.740037 0.3097494 0.09641259 0.09641259 0.09641259 0.08953109 0.0357052 0.02229053 0.02229053 0.02229053 0.02229053 0.02229053 0.02229053 0.02229053 0.02229053 0.02229053 0.02229053 0.02229053 0.02229053 0.02229053 0.02229053
2.34856 2.236985 1.699477 1.454407 1.452159 2.617706 58.67292 98.83445 1.472026 1.274162 1.028521 0.8495576 0.4856 0.3951672 0.4133977 0.4009802 0.4611631 0.5348312 0.8055747 4.103558 3.10976 2.044286 2.526909 1.720613 1.365454 1.339758 1.83339 2.985021 3.016518 2.699768 1.690222 1.743801 2.038272 1.962892 1.037591 1.358078 1.720708 1.247458 0.8213576 0.8213576 0.8213576 0.8213576 0.8213575 0.8213575 0.8213576 0.8213576 0.8213575 0.8213576 0.8213576 0.8213576 0.8213575 0.783936 0.6326619 0.09658892 0.09641259 0.09641259 0.08116832 0.06228918 0.0463462 0.02293225 0.02229053 0.02229053 0.02229053 0.02229053 0.02229053 0.02229053 0.02229053 0.02229053 0.02229053 0.02229053 0.02229053
3.659368 4.543459 3.411204 1.926545 1.627566 1.630233 1.756568 2.343414 2.287591 1.578959 1.16095 1.006903 0.9193915 0.8551428 0.6458892 0.6156929 0.6397232 0.9227507 1.03048 4.148174 8.628066 4.343595 2.508869 0.9529918 0.605035 0.5789738 2.017793 3.016518 3.016518 3.016518 3.016518 3.016518 3.016518 3.016518 3.016518 3.016518 3.016518 2.869364 1.927031 1.550297 1.421558 1.004399 1.018643 0.8558014 0.8213576 0.8213576 0.8213576 0.9437639 0.83983 0.8213576 0.8213576 0.8213576 0.4204652 0.0964126 0.09641259 0.09641259 0.09641259 0.09641259 0.08499622 0.02593014 0.02229053 0.02229053 0.02229053 0.02229053 0.02229053 0.02229053 0.02229053 0.02229053 0.02229053 0.02229053 0.02229053
5.917058 6.075443 2.678221 1.979877 1.92088 2.00231 2.050168 5.457581 3.569654 1.455555 1.387992 1.076111 0.9044099 0.9715691 0.9076583 1.081154 3.414629 2.47784 1.09358 1.082372 2.879547 3.544176 0.8185417 0.3784812 0.3784812 0.3784812 1.782534 3.016518 3.016518 3.016518 3.016518 3.016518 3.016518 3.016518 3.016518 3.016518 3.016518 3.016518 3.016518 3.016518 3.016518 3.016518 3.016518 2.995184 2.305297 2.019296 2.200468 2.885588 2.632109 2.430362 1.908067 1.011729 0.1758142 0.09641259 0.09641259 0.0964126 0.09641258 0.07142071 0.03227759 0.02229053 0.02229053 0.02229053 0.02229053 0.02229053 0.02229053 0.02229053 0.02229053 0.02229053 0.02229053 0.02229053 0.02229053
4.158113 67.11787 4.412811 2.061061 2.085569 2.043885 2.525968 3.710148 5.008496 4.201713 2.921339 2.456382 2.567919 15.73099 9.803738 1.853307 3.29392 48.59506 2.15725 1.110266 1.155413 1.096059 1.078697 0.8357542 0.809548 0.8663699 1.253308 1.7187 1.925569 2.574046 3.016518 3.016518 3.016518 3.016518 3.016518 3.016518 3.016518 3.016518 3.016518 3.016518 3.016518 3.016518 3.016518 3.016518 3.016518 3.016518 3.016518 3.016518 3.016518 3.016518 2.979933 2.709909 1.226413 0.1607856 0.1552624 0.1435101 0.0972287 0.0814179 0.0233894 0.05075565 0.05259631 0.04864274 0.02616643 0.02229053 0.02229053 0.02229053 0.02229053 0.02229053 0.02229053 0.02229053 0.02229053
8.200077 5.965012 3.153968 2.574281 2.650415 2.893003 3.486695 3.429737 3.163244 3.56986 2.70306 2.113837 5.34434 6.280317 4.060045 2.62638 1.836033 1.311536 1.224651 3.231198 3.490348 3.483353 1.695089 1.431241 1.458261 1.487979 7.19797 4.840534 2.259345 0.8358236 2.621552 3.016518 3.016518 3.016518 3.016518 3.016518 3.016518 3.016518 3.016518 3.016518 3.016518 3.016518 3.016518 2.729241 8.058682 0.8820206 1.074047 0.9934013 1.248824 1.001935 0.3703769 0.4395946 0.2640463 0.2640463 0.2640463 0.2640463 0.2489184 0.2257788 0.2035565 0.2353174 0.2432444 0.2418001 0.06897288 0.02229053 0.02229053 0.02229053 0.06766108 0.02257673 0.02229053 0.02229053 0.02229053
7.551078 7.795779 4.826115 3.885817 53.92776 13.57232 61.15229 10.40632 5.051448 3.089786 2.073149 2.408107 2.981932 3.026353 2.583304 3.342002 4.607584 2.226435 2.9096 4.394444 3.501252 3.707649 3.568517 47.82118 6.43563 6.854959 5.318835 20.70002 8.26302 0.6010976 0.6137667 2.023442 2.809612 3.016518 2.782581 1.846375 0.6324261 0.7206848 1.125572 2.309301 3.016139 3.016518 2.747002 1.213838 0.2760428 0.2818018 0.2787967 0.2597047 0.2628063 0.3022731 0.7086567 0.4345898 0.384024 0.3890426 0.3414194 0.2895573 0.2640463 0.2640463 0.2556429 0.2439659 0.2432588 0.4257722 0.5787637 0.5196059 0.6199954 0.723531 0.8556494 0.5786659 0.4879051 0.2882007 0.07007254
11.97276 10.17642 6.326094 5.752682 6.677279 7.914739 9.983237 8.140692 10.59896 6.443293 3.496065 5.811019 8.986446 3.801018 3.896348 11.11574 96.71906 22.82307 7.072726 23.70904 7.593408 10.51277 22.35017 40.9861 21.6588 11.25352 30.24082 13.98671 5.894247 3.598335 2.371493 1.53848 4.681543 2.210285 1.485602 17.93971 0.7833535 1.013147 0.646813 0.4340081 0.984154 1.828926 0.9882081 0.2560622 0.268272 0.2826783 0.2954553 0.3980809 1.272918 2.113352 2.378621 0.5257762 0.4303229 0.7002119 0.610096 0.3004755 0.2640463 0.2640463 0.2640463 13.69708 1.163671 0.8997738 0.9159964 0.9273298 0.9273298 0.8792937 0.7442776 0.6810531 0.6384786 8.256116 0.5197634
