data/gpw_v4_population_density_rev11_2000_1_deg.asc
ncols         360
nrows         180
xllcorner     -180
yllcorner     -90
cellsize      1
NODATA_value  -9999
[rows 32 to 63 of 180, columns 142 to 212 of 360]
-9999 -9999 -9999 -9999 -9999 -9999 -9999 -9999 -9999 -9999 -9999 -9999 -9999 -9999 -9999 -9999 -9999 -9999 -9999 -9999 -9999 -9999 -9999 -9999 -9999 -9999 -9999 -9999 -9999 2.402249 6.159191 4.369408 2.327982 18.55727 20.97171 90.097 80.33858 -9999 -9999 -9999 -9999 -9999 -9999 -9999 17.05111 43.98611 27.65976 121.5706 73.94947 434.6565 94.49017 20.50489 35.96691 12.81754 18.67394 10.52629 19.61598 4.85634 -9999 20.04782 10.10705 49.18489 50.21138 14.91737 12.10051 12.67378 48.31394 8.024485 6.315224 8.225518 5.808137
-9999 -9999 -9999 -9999 -9999 -9999 -9999 -9999 -9999 -9999 -9999 -9999 -9999 -9999 -9999 -9999 -9999 -9999 -9999 -9999 -9999 -9999 -9999 -9999 -9999 -9999 -9999 -9999 -9999 -9999 14.15384 3.969165 7.96629 8.203866 106.8731 109.1865 -9999 -9999 -9999 -9999 -9999 -9999 -9999 -9999 -9999 -9999 60.21844 69.85274 150.551 54.98001 150.0545 26.21111 40.98196 23.2678 38.35891 -9999 6.49893 -9999 106.9956 24.89117 26.46219 43.14402 80.74647 16.74786 9.886705 13.04607 9.258899 8.127637 24.66827 6.051587 7.47802
-9999 -9999 -9999 -9999 -9999 -9999 -9999 -9999 -9999 -9999 -9999 -9999 -9999 -9999 -9999 -9999 -9999 -9999 -9999 -9999 -9999 -9999 -9999 -9999 -9999 -9999 -9999 -9999 -9999 26.40071 66.46236 51.8389 11.1295 319.8943 159.8151 26.07664 231.0573 -9999 -9999 -9999 -9999 -9999 -9999 -9999 -9999 -9999 56.62409 96.73251 140.2011 107.9205 586.029 123.7665 52.05269 71.0448 -9999 -9999 -9999 -9999 38.7482 73.76588 33.56113 44.87485 48.19614 26.17283 32.71986 19.50644 37.53331 17.47608 63.30415 8.316427 12.64139
-9999 -9999 -9999 -9999 -9999 -9999 -9999 -9999 -9999 -9999 -9999 -9999 -9999 -9999 -9999 -9999 -9999 -9999 -9999 -9999 -9999 -9999 -9999 -9999 -9999 -9999 -9999 17.66699 17.46137 23.14738 40.12839 100.0537 332.7639 46.42961 90.41044 57.98589 343.2172 94.3935 -9999 -9999 -9999 -9999 -9999 -9999 -9999 569.4256 69.39397 119.2704 210.9468 77.50365 133.6624 123.5191 86.45054 97.5904 89.63747 60.74905 292.5595 120.2178 118.2759 37.43439 34.80537 88.41725 44.06467 105.4816 37.61512 33.69397 43.09072 21.39952 42.74286 20.56502 59.3171
-9999 -9999 -9999 -9999 -9999 -9999 -9999 -9999 -9999 -9999 -9999 -9999 -9999 -9999 -9999 -9999 -9999 -9999 -9999 -9999 -9999 -9999 -9999 -9999 -9999 -9999 -9999 19.71553 34.09751 25.91673 34.79399 255.5875 92.98362 103.0889 403.1037 812.2303 614.6138 177.6371 89.95222 -9999 -9999 -9999 73.60679 208.4822 232.4763 147.5416 310.4523 261.3934 305.1299 72.90028 47.14299 54.2145 133.6922 47.36929 49.74041 71.23782 151.1098 67.46005 69.49525 49.72756 54.70953 113.39 35.38297 50.64873 46.03375 278.9296 24.29206 48.60916 70.25541 20.42287 17.54208
-9999 -9999 -9999 -9999 -9999 -9999 -9999 -9999 -9999 -9999 -9999 -9999 -9999 -9999 -9999 -9999 -9999 -9999 -9999 -9999 -9999 -9999 -9999 -9999 -9999 -9999 -9999 18.59903 32.27997 45.67796 41.68282 48.98816 38.79624 54.23342 26.05101 286.3093 607.3594 227.5323 130.8826 204.6496 -9999 -9999 1109.147 455.6505 244.437 167.3891 234.6273 257.4019 184.244 103.3024 67.28295 599.0328 61.23545 65.6004 148.7626 101.7051 106.5449 103.3788 214.4345 234.8467 62.58689 75.72067 31.76697 29.42908 43.12086 36.50745 20.25411 37.92072 70.6227 54.33406 33.04246
-9999 -9999 -9999 -9999 -9999 -9999 -9999 -9999 -9999 -9999 -9999 -9999 -9999 -9999 -9999 -9999 -9999 -9999 -9999 -9999 -9999 -9999 -9999 -9999 -9999 -9999 -9999 14.10191 15.42532 133.049 52.00462 -9999 59.25676 129.0283 305.4408 285.2257 185.7786 1232.303 608.1572 463.9778 462.4077 339.9488 634.2752 434.3078 738.3002 779.5336 217.6888 174.078 133.812 161.62 218.2123 167.6535 123.8089 95.86402 151.5693 133.9522 93.97985 221.4768 87.40786 118.8079 130.7753 43.71285 38.63268 33.92318 35.1897 20.72195 21.29792 15.86792 19.44246 73.32273 27.45983
-9999 -9999 -9999 -9999 -9999 -9999 -9999 -9999 -9999 -9999 -9999 -9999 -9999 -9999 -9999 -9999 -9999 -9999 -9999 -9999 -9999 -9999 -9999 -9999 -9999 -9999 -9999 -9999 -9999 -9999 -9999 -9999 222.746 133.8767 158.5683 140.7667 687.94 530.9001 340.5765 150.2811 203.4474 424.1535 441.5395 262.9544 297.2412 355.0282 451.7679 132.7024 149.4233 149.7785 238.9447 140.9661 272.5993 143.239 119.0486 104.3815 324.9186 333.0125 155.1308 135.8262 106.9695 71.179 73.45579 82.07807 90.43963 48.74078 78.74052 42.75512 455.3885 46.28087 40.55527
-9999 -9999 -9999 -9999 -9999 -9999 -9999 -9999 -9999 -9999 -9999 -9999 -9999 -9999 -9999 -9999 -9999 -9999 -9999 -9999 -9999 -9999 -9999 -9999 -9999 -9999 -9999 -9999 -9999 -9999 -9999 131.5474 79.48896 -9999 -9999 690.2039 93.72448 168.4968 136.2711 145.277 201.548 81.4025 72.6116 69.48564 247.7661 193.6367 488.8739 201.8394 155.1324 197.8344 92.48465 81.26421 85.859 79.83194 142.178 145.9574 264.7011 160.2321 141.9507 110.7026 69.32993 151.666 139.4311 92.9495 69.70773 61.52323 111.9504 41.36452 74.53468 62.14165 83.76636
-9999 -9999 -9999 -9999 -9999 -9999 -9999 -9999 -9999 -9999 -9999 -9999 -9999 -9999 -9999 -9999 -9999 -9999 -9999 -9999 -9999 -9999 -9999 -9999 -9999 -9999 -9999 -9999 -9999 -9999 -9999 -9999 47.12749 165.3581 56.96786 85.44859 125.6815 54.84924 55.26851 117.2471 1188.429 49.90508 50.84011 35.56053 101.4303 221.6377 264.6536 421.0076 197.6826 352.6098 132.5736 105.6085 127.1188 64.45146 288.5971 174.1643 113.7471 76.81577 99.40022 119.2152 106.5601 78.01922 100.9477 115.7095 92.85204 71.19785 60.22168 52.91867 57.30882 35.1891 61.0867
-9999 -9999 -9999 -9999 -9999 -9999 -9999 -9999 -9999 -9999 -9999 -9999 -9999 -9999 -9999 -9999 -9999 -9999 -9999 -9999 -9999 -9999 -9999 -9999 -9999 -9999 -9999 -9999 -9999 -9999 -9999 -9999 -9999 190.7538 152.318 111.9669 129.6836 93.90951 96.29781 77.43805 53.71785 36.50966 26.80699 66.85992 99.20943 277.2721 354.0348 218.4904 82.08921 105.6186 85.80138 72.06349 34.12402 87.82674 103.0968 93.78507 185.1196 329.1713 77.79573 114.5869 78.46962 84.86932 55.5388 46.17444 124.9007 131.2342 144.8671 61.27023 24.83807 33.32416 27.54592
-9999 -9999 -9999 -9999 -9999 -9999 -9999 -9999 -9999 -9999 -9999 -9999 -9999 -9999 -9999 -9999 -9999 -9999 -9999 -9999 -9999 -9999 -9999 -9999 -9999 -9999 -9999 -9999 -9999 -9999 -9999 -9999 -9999 -9999 -9999 101.9858 106.4057 59.3694 51.06917 33.46979 30.73565 43.16873 83.46307 55.95392 208.5015 122.7844 52.55838 49.31508 23.4634 85.78466 40.66773 66.90387 113.2907 116.0263 100.8193 71.51393 100.4442 83.6797 87.73106 83.7798 31.89061 100.7032 87.01469 46.44121 115.1862 79.75755 102.5171 95.62052 243.1311 65.89127 146.211
-9999 -9999 -9999 -9999 -9999 -9999 -9999 -9999 -9999 -9999 -9999 -9999 -9999 -9999 -9999 -9999 -9999 -9999 -9999 -9999 -9999 -9999 -9999 -9999 -9999 -9999 -9999 -9999 -9999 -9999 -9999 -9999 -9999 -9999 -9999 -9999 67.70133 60.03271 52.91696 59.84471 19.16907 78.05993 283.5179 164.8009 55.82537 231.5404 279.4121 697.3596 228.4425 271.6351 347.1839 168.0876 63.74351 114.1076 100.6171 54.9677 87.60387 110.2993 69.90407 87.01387 46.90119 64.00041 79.92918 123.0816 73.93649 114.8354 101.4548 35.25986 36.85904 -9999 24.59798
-9999 -9999 -9999 -9999 -9999 -9999 -9999 -9999 -9999 -9999 -9999 -9999 -9999 -9999 -9999 -9999 -9999 -9999 -9999 -9999 -9999 -9999 -9999 -9999 -9999 -9999 -9999 -9999 -9999 -9999 -9999 -9999 -9999 -9999 -9999 -9999 54.63248 121.0113 52.654 36.95943 37.14321 17.63609 89.91357 25.84818 17.53516 92.50549 226.4581 98.76509 180.9154 182.2411 241.344 231.1265 27.25137 30.28252 41.05856 93.71275 108.1417 97.04845 257.6228 52.20844 57.16352 95.04053 108.4024 132.0803 291.5494 39.9431 100.4545 4.189881 -9999 -9999 -9999
-9999 -9999 -9999 -9999 -9999 -9999 -9999 -9999 -9999 -9999 -9999 -9999 -9999 -9999 -9999 -9999 -9999 -9999 -9999 -9999 -9999 -9999 -9999 -9999 -9999 -9999 -9999 -9999 52.65487 188.5979 39.29913 25.51081 184.5518 42.56681 180.8208 371.8832 115.5868 60.90618 41.49822 135.7838 54.81401 146.6893 178.1488 322.935 98.76967 431.49 420.6429 15.94584 233.927 175.138 104.5507 205.3025 -9999 57.51092 83.0994 59.85135 72.78246 42.13308 70.76295 109.062 42.74816 58.39201 68.65204 70.26196 68.32055 84.68634 52.84927 -9999 -9999 -9999 -9999
-9999 -9999 -9999 -9999 -9999 -9999 -9999 -9999 -9999 -9999 -9999 -9999 -9999 -9999 -9999 -9999 -9999 -9999 -9999 -9999 -9999 -9999 -9999 -9999 -9999 -9999 -9999 -9999 106.898 156.1505 43.47486 21.62243 37.47536 12.81771 27.40394 63.46685 56.12178 12.00704 9.509038 23.71258 62.67583 121.6098 -9999 -9999 390.8065 -9999 14.89788 32.87934 113.7288 53.66422 112.1342 86.16264 243.6539 167.5251 45.67665 31.49268 50.47538 62.41928 106.7683 125.5182 39.0001 176.5658 100.1293 72.25617 46.66037 59.88812 19.28622 -9999 -9999 -9999 -9999
-9999 -9999 -9999 -9999 -9999 -9999 -9999 -9999 -9999 -9999 -9999 -9999 -9999 -9999 -9999 -9999 -9999 -9999 -9999 -9999 -9999 -9999 -9999 -9999 -9999 -9999 -9999 -9999 -9999 412.2836 46.19913 13.66102 21.75966 63.63597 10.05943 8.244396 36.11171 59.5803 39.3856 171.9891 936.8965 220.5614 -9999 -9999 -9999 -9999 69.4987 22.93116 -9999 3.612487 975.3331 131.1295 131.7139 91.90309 427.4286 430.202 -9999 236.0663 89.53013 84.26457 49.32022 44.90033 42.75649 54.41352 48.58118 71.56602 1861.057 1535.047 84.64198 181.6254 80.48131
-9999 -9999 -9999 -9999 -9999 -9999 -9999 -9999 -9999 -9999 -9999 -9999 -9999 -9999 -9999 -9999 -9999 -9999 -9999 -9999 -9999 -9999 -9999 -9999 -9999 -9999 -9999 -9999 -9999 158.6371 52.54635 14.68406 36.67178 47.61349 570.725 6.327991 10.32426 14.40423 49.68325 -9999 -9999 110.1703 33.6526 -9999 -9999 -9999 68.17385 39.0318 -9999 -9999 344.7555 1044.329 1409.267 79.80335 70.54968 248.7903 304.2504 148.1173 50.69518 38.20086 186.8799 43.9407 66.52876 57.42228 50.1173 74.69015 303.1226 572.7833 118.4972 53.26032 123.3776
-9999 -9999 -9999 -9999 -9999 -9999 21.83323 -9999 -9999 82.92088 70.38827 -9999 -9999 -9999 -9999 -9999 -9999 -9999 -9999 -9999 -9999 -9999 -9999 -9999 -9999 -9999 -9999 -9999 147.7328 85.69392 19.2782 28.55911 14.55411 23.53438 35.16845 19.85746 17.69574 285.7206 1272.8 90.62816 249.8963 89.76359 114.2256 -9999 -9999 -9999 76.07188 108.326 -9999 -9999 -9999 -9999 -9999 96.3698 101.7945 174.466 286.3163 163.1336 46.04507 29.28327 58.45088 42.26345 15.99665 30.66681 61.01781 81.31171 46.67327 53.24068 85.75092 17.36282 242.2667
-9999 -9999 -9999 -9999 -9999 -9999 -9999 -9999 -9999 48.69432 126.0824 -9999 -9999 -9999 -9999 -9999 -9999 -9999 -9999 -9999 -9999 -9999 -9999 -9999 -9999 -9999 -9999 -9999 1425.914 44.79122 26.98202 39.759 14.82076 17.85509 36.75153 10.68331 51.60063 215.5274 318.765 205.3221 -9999 -9999 -9999 -9999 -9999 -9999 21.54805 67.24076 -9999 -9999 339.474 1186.101 191.9795 315.257 154.5096 103.4684 -9999 -9999 56.01565 69.52818 41.14125 285.6484 30.93712 9.000284 118.5848 417.5836 74.21962 55.97496 67.37649 52.51927 41.74684
-9999 -9999 -9999 -9999 -9999 -9999 -9999 -9999 -9999 -9999 -9999 -9999 173.0505 -9999 -9999 -9999 -9999 -9999 -9999 -9999 -9999 -9999 -9999 -9999 -9999 -9999 -9999 -9999 -9999 40.62543 38.2795 86.71149 118.5084 84.89555 89.42808 15.23182 106.316 328.862 -9999 -9999 -9999 -9999 -9999 -9999 231.4942 57.83509 92.05982 161.9812 201.1128 112.8472 144.7396 100.9287 88.60586 461.2627 65.48656 -9999 -9999 -9999 92.46456 46.25166 42.70553 892.9875 68.57511 53.81767 61.27826 114.4385 62.69268 72.55595 83.31399 52.06723 79.46775
-9999 -9999 -9999 -9999 -9999 -9999 -9999 -9999 -9999 -9999 -9999 -9999 59.35642 -9999 -9999 -9999 -9999 -9999 -9999 -9999 -9999 -9999 -9999 -9999 -9999 -9999 -9999 -9999 -9999 0 24.74451 275.5867 83.55405 273.6161 74.68099 156.5586 48.74487 -9999 202.3374 208.4316 341.8379 497.7018 228.9024 249.0536 238.6671 176.6593 90.80477 76.38747 430.8654 253.4321 35.15258 -9999 207.0878 184.7444 -9999 -9999 -9999 -9999 -9999 35.89424 22.27931 25.51423 25.50757 36.81903 38.72133 42.11302 86.80332 38.81475 177.593 68.75669 66.86909
-9999 -9999 -9999 -9999 -9999 -9999 -9999 -9999 -9999 -9999 -9999 -9999 -9999 -9999 -9999 -9999 -9999 -9999 -9999 -9999 -9999 -9999 -9999 -9999 -9999 -9999 -9999 -9999 -9999 -9999 -9999 295.8174 232.8819 82.46499 153.3553 338.8547 161.2726 240.5798 147.7265 80.96165 43.26423 35.34918 62.9227 88.84058 82.73962 65.21433 64.19951 64.2459 172.4898 230.1765 225.468 -9999 1442.005 -9999 -9999 -9999 -9999 -9999 -9999 -9999 -9999 34.58668 68.72768 106.8162 26.08983 13.75205 -9999 -9999 -9999 -9999 33.74097
-9999 -9999 -9999 -9999 -9999 -9999 -9999 -9999 -9999 -9999 -9999 -9999 -9999 -9999 -9999 -9999 -9999 -9999 -9999 -9999 -9999 -9999 -9999 -9999 -9999 -9999 -9999 -9999 -9999 -9999 -9999 321.8984 172.7394 152.5698 39.81067 55.66588 101.4806 20.37897 23.9156 10.38876 21.1722 43.18136 12.08245 46.55201 11.31163 8.846409 35.98853 35.21322 146.818 88.8856 -9999 -9999 -9999 -9999 -9999 -9999 -9999 -9999 -9999 -9999 -9999 4.02618 11.67177 22.81269 5.696138 -9999 -9999 -9999 -9999 -9999 56.44833
-9999 -9999 -9999 -9999 -9999 -9999 -9999 -9999 -9999 -9999 -9999 -9999 -9999 -9999 -9999 -9999 -9999 -9999 -9999 -9999 -9999 143.9122 -9999 -9999 -9999 -9999 -9999 -9999 -9999 198.6889 597.9111 142.9792 127.6329 43.49929 12.3551 2.643635 1.687543 6.149254 4.826885 5.192082 14.23003 7.495368 2.705342 16.98398 38.29963 7.862279 8.364895 16.02645 71.8247 39.85808 -9999 -9999 -9999 -9999 -9999 -9999 -9999 -9999 -9999 -9999 -9999 -9999 -9999 -9999 -9999 -9999 -9999 -9999 -9999 -9999 -9999
-9999 -9999 -9999 -9999 -9999 -9999 -9999 -9999 -9999 -9999 -9999 -9999 -9999 -9999 -9999 -9999 -9999 -9999 -9999 -9999 123.7085 541.9684 -9999 -9999 -9999 -9999 -9999 -9999 241.4237 93.56104 79.30593 135.8908 36.55369 17.26173 5.059462 1.72099 4.58236 4.946748 3.088044 1.710537 2.011864 16.29575 14.73097 6.359725 5.568652 0.5204376 0.6977633 2.08513 8.164169 20.41736 57.83638 175.2356 31.44801 16.96912 -9999 -9999 -9999 45.49318 32.74921 19.5551 7.120441 4.101537 1.804443 -9999 -9999 -9999 -9999 -9999 -9999 -9999 -9999
-9999 -9999 -9999 -9999 -9999 -9999 -9999 -9999 -9999 -9999 -9999 -9999 -9999 -9999 -9999 -9999 -9999 -9999 -9999 -9999 -9999 -9999 -9999 -9999 -9999 -9999 -9999 -9999 70.61379 70.94916 133.8371 34.71995 22.55069 28.1358 3.124517 7.642873 8.160707 0.3845191 0.2676093 2.622928 1.164865 0.8002887 3.227739 4.237541 0.387116 0.04629341 0.04629341 0.3224117 1.125425 1.868403 3.6009 10.58361 16.87267 9.252422 1.713167 1.713167 -9999 45.49318 41.17152 21.16507 6.754089 2.110908 1.840365 2.612188 11.96824 36.09971 11.32545 4773.857 1246.818 960.782 458.3331
-9999 -9999 -9999 -9999 -9999 -9999 -9999 -9999 -9999 -9999 -9999 -9999 -9999 -9999 -9999 -9999 -9999 -9999 -9999 -9999 -9999 0 0 -9999 -9999 -9999 -9999 -9999 172.8082 42.95623 13.2575 20.01436 15.9582 0.6222724 0.6583194 1.190263 0.7270861 0.5869688 0.4659031 0.9730292 0.850765 0.8393738 0.6196641 0.5913328 0.5057426 0.06068648 0.06988274 0.4035318 1.218868 1.45267 3.600901 4.696459 7.249845 1.713167 1.713167 1.713167 1.587971 0.8277284 0.8277284 0.8277285 1.370967 1.760342 1.590434 0.001806627 0 0.2677697 1.451801 53.87146 448.688 2043.664 114.1709
-9999 -9999 -9999 -9999 -9999 -9999 -9999 -9999 -9999 -9999 -9999 -9999 -9999 -9999 -9999 -9999 -9999 -9999 -9999 -9999 -9999 -9999 -9999 -9999 63.09629 -9999 -9999 68.77727 36.73074 6.059791 3.989706 0.9788314 0.6570998 0.0694715 0.08080777 0.6134524 0.7510608 1.961915 1.893688 1.976594 0.5382439 0.5586386 0.5546008 0.2711554 0.0551508 0.05546063 0.09612954 0.4494891 1.315953 1.442906 3.6009 3.6009 2.330783 0.9864871 1.144282 1.374869 1.392471 0.8277285 0.8277285 0.8277285 0.8277285 1.746311 1.635075 0.8951664 0.7734295 0 0 0 236.0827 494.0984 29.75714
-9999 -9999 -9999 -9999 -9999 -9999 -9999 -9999 -9999 -9999 -9999 -9999 -9999 -9999 -9999 -9999 -9999 -9999 -9999 41.25618 76.67435 340.7563 799.1982 41.15374 108.5123 0.4971325 14.81901 5.35365 4.556819 0.7319234 0.06023859 0.02285546 0.02285546 0.0386706 0.07837949 0.2817694 0.8825715 3.418261 1.588203 0.7425288 0.6133721 0.4570141 0.1240067 0.06919482 0.04685325 0.04685325 0.100984 0.3322221 0.7829782 0.7490095 0.8005828 0.794464 0.6623968 0.4542778 0.4097459 0.4308077 0.808324 0.8022565 0.8277285 0.8277285 0.8277285 1.625111 1.696728 0 0.01201149 0 1.879099 0.3670589 284.1737 4.972236 1.796956
-9999 -9999 -9999 -9999 -9999 -9999 -9999 -9999 -9999 -9999 -9999 -9999 -9999 -9999 -9999 -9999 -9999 -9999 -9999 28.68287 33.02066 731.6964 228.6025 -9999 71.06156 0.7465867 0.1184094 0.07286444 0.09917711 0.2827058 0.3630595 0.3360195 0.1111243 0.02285546 0.07055091 1.578767 1.709624 4.31255 1.117605 0.7931697 0.5287961 0.09546851 0.0785498 0.06867389 0.05468331 0.09780976 0.1634409 0.3195334 0.5280778 0.6820016 0.7761361 1.020868 2.537375 4.855787 0.7522643 0.4097459 0.4097459 0.7476212 0.8135803 0.8184851 0.8196292 0.8123475 0.7996206 0 0 0.6932545 0.2626326 0 213.9391 145.8053 0.2841741
-9999 -9999 -9999 -9999 -9999 -9999 -9999 -9999 -9999 -9999 -9999 -9999 -9999 -9999 -9999 -9999 -9999 -9999 -9999 -9999 -9999 -9999 -9999 24.11545 1.61502 0.06847307 5.76088 0.00980303 0.008161935 0.02919984 0.1620747 0.3501163 0.3839384 0.3054661 0.2772822 0.6000216 0.5612234 0.3418932 1.19429 1.464567 0.5111341 0.461546 0.05934607 0.06856262 0.0885021 0.1480098 0.1480098 0.22892 0.4201881 0.9945176 1.964037 2.008478 3.497183 0.8833641 0.3134947 0.388207 0.3771009 0.1552877 0.1046337 0.1046337 0.1046337 0.1046337 0.1046335 0 0 1.089868 0 0 0 318.2069 207.9635
