data/gpw_v4_population_density_rev11_2000_1_deg.asc
ncols         360
nrows         180
xllcorner     -180
yllcorner     -90
cellsize      1
NODATA_value  -9999
[rows 64 to 95 of 180, columns 142 to 212 of 360]
-9999 -9999 -9999 -9999 -9999 -9999 -9999 -9999 -9999 -9999 -9999 -9999 -9999 -9999 -9999 -9999 -9999 -9999 -9999 -9999 -9999 -9999 -9999 0.05768986 0.03635549 0.02489132 0.03150378 0.03150484 0.03148511 0.03150308 0.03152692 0.05235513 0.1793191 0.1218737 0.1168382 0.1216656 0.1217621 0.1217621 0.1217621 0.2294465 0.2071257 0.319355 0.03179613 0.06241455 0.08934908 0.129301 0.1122287 0.1902047 0.4167652 0.8393773 0.7927328 0.3256775 0.2557227 0.2557227 0.2557227 0.2557227 0.2557227 0.1303679 0.1046337 0.1046337 0.1046337 0.1046337 0.1046335 0 0 0 5.250216 1.19554 5.640275 0 132.406
-9999 -9999 -9999 -9999 -9999 -9999 -9999 -9999 -9999 -9999 -9999 -9999 -9999 -9999 -9999 -9999 -9999 -9999 -9999 -9999 -9999 -9999 0.2252862 0.05247604 0.01335414 0.009966794 0.02570295 0.02570293 0.02570291 0.0257029 0.02570288 0.02846003 0.03005817 0.04234733 0.07565638 0.08830936 0.09617735 0.1045606 0.11364 0.09245017 0.0317941 0.0317941 0.0317941 0.05359006 0.06824777 0.06990609 0.1007038 0.1839231 0.273829 0.285969 0.2557227 0.2557227 0.2557227 0.2557227 0.2557227 0.2557227 0.2557227 0.1310351 0.1046337 0.1046337 0.1046337 0.1046337 0.1046335 0 0 0 0 0 0.8636181 0 50.64116
-9999 -9999 -9999 -9999 -9999 -9999 -9999 -9999 -9999 -9999 -9999 -9999 -9999 -9999 -9999 -9999 -9999 -9999 -9999 -9999 -9999 2.248484 6.295832 0.05276406 0.001338775 0.01004117 0.02570217 0.02570217 0.02570217 0.02626455 0.02972744 0.0343841 0.03005817 0.03005817 0.03111122 0.0562176 0.08367448 0.08556302 0.08556302 0.06616374 0.05522588 0.05014073 0.05483175 0.7889545 0.08195202 0.05578465 0.1268014 0.1054272 0.1682293 0.157146 0.1757808 0.2264693 0.2557191 0.2127303 0.2094249 0.2557227 0.2557227 0.1317022 0.1046337 0.1046337 0.1046337 0.1046337 0.1046335 0 0 0 0 0 0.3471011 0 12.08198
-9999 -9999 -9999 -9999 -9999 -9999 -9999 -9999 -9999 -9999 -9999 -9999 -9999 -9999 -9999 -9999 -9999 -9999 -9999 -9999 -9999 0.2752951 0.1024153 0.06514209 0.002955295 2.987483 0.02570217 0.0257134 0.02793777 0.03124752 0.03165958 0.05673696 0.03674596 0.03005817 0.03005817 0.03005817 0.03835953 0.0724111 0.08556301 0.08583495 0.08603253 0.08603253 0.1205815 1.78997 0.8157087 0.0371059 0.0371059 0.04575133 0.1120011 0.06070527 0.06057308 0.06504155 0.09842946 0.07179224 0.04681971 0.09815008 0.1980409 0.1321292 0.1046337 0.1046337 0.1046337 0.1046337 0.1046335 0.001086572 0.001339495 0.001525556 0.001568383 0.001094187 0.001469656 0.8305795 0.00698768
-9999 -9999 -9999 -9999 -9999 -9999 -9999 -9999 -9999 -9999 -9999 -9999 -9999 -9999 -9999 -9999 -9999 -9999 -9999 -9999 17.52662 0.3880833 0.1344374 0.1634991 0.2188647 0.1856619 0.02842756 0.03008616 0.03165958 0.03165958 0.03518483 0.06401441 0.06382934 0.03005817 0.03005817 0.03005817 0.03005817 0.05038382 0.1172267 0.194671 0.07516944 0.07375884 0.4106567 1.85177 1.00011 0.0715709 0.07135464 0.1052608 0.1073529 0.06057309 0.06057309 0.06057309 0.06057309 0.07069232 0.06141084 0.04578558 0.04578558 0.05873369 0.08716612 0.1047261 0.1046337 0.1046337 0.1046339 0.2195165 0.2195183 0.2195183 0.2195183 0.2195168 0.2195183 0.2195183 1.310085
-9999 -9999 -9999 -9999 -9999 -9999 -9999 -9999 -9999 -9999 -9999 -9999 -9999 -9999 -9999 -9999 -9999 -9999 -9999 -9999 507.7005 0.08315701 0.2172116 0.3359397 2.513381 0.6861468 0.0651991 0.06424633 0.06695037 0.0696536 0.06256919 0.06145345 0.09646055 0.04233684 0.03005817 0.03007374 0.03626321 0.1039988 0.1452391 0.2554065 0.1712438 0.05515485 0.09498004 0.1434392 0.3086394 1.044351 0.1080524 0.107992 0.1074439 0.06057309 0.06057309 0.06057309 0.06057309 0.0637916 0.07511493 0.05414312 0.04578557 0.04582692 0.07375164 0.1436201 0.1185388 0.1046617 0.1046339 0.4159933 0.4156764 0.4154897 0.4151915 0.4148013 0.4136127 0.4138131 1.456093
-9999 -9999 -9999 -9999 -9999 -9999 -9999 -9999 -9999 -9999 -9999 -9999 -9999 -9999 -9999 -9999 -9999 -9999 -9999 -9999 -9999 0.7062545 0.303584 0.370538 1.006292 0.3533804 0.6582645 0.06767092 0.06212802 0.06261797 0.06142977 0.06023496 0.09302333 0.1036493 0.03005817 0.06861921 0.1318145 0.05536417 0.2720123 0.4874585 0.2502568 0.06771919 0.1473345 0.306787 1.163575 1.235255 0.1373369 0.107992 0.1075349 0.06057309 0.06057309 0.06057309 0.06057309 0.06501829 0.07112984 0.04661568 0.04578557 0.09889621 0.153771 0.1537709 0.1537709 0.1422294 0.5927479 0.5927757 0.5927757 1.33424 2.071977 2.061317 7.826006 2.403614 2.623991
-9999 -9999 -9999 -9999 -9999 -9999 -9999 -9999 -9999 -9999 -9999 -9999 -9999 -9999 -9999 -9999 -9999 -9999 -9999 -9999 -9999 108.9439 34.80001 0.9785805 1.104428 1.731163 1.603438 0.1702991 0.05286105 0.05659704 0.06023496 0.06023496 0.0875904 0.2707067 0.0892787 0.08056169 0.2608355 0.8361785 0.5815084 0.8924274 0.2175067 0.04398875 0.4115803 0.4792156 1.220551 1.117903 0.2135529 0.1225464 0.2430832 0.06057308 0.06057308 0.06057308 0.06057308 0.06660286 0.1074186 0.1167466 0.1168649 0.2093884 0.1573226 0.1537709 0.1537709 0.1537709 0.5927221 0.5927756 0.5927756 1.035047 1.477756 1.470944 1.590369 5.028731 6.978158
-9999 -9999 -9999 -9999 -9999 -9999 -9999 -9999 -9999 -9999 -9999 -9999 52.72968 295.2685 -9999 -9999 -9999 -9999 -9999 -9999 -9999 8.112801 7.233168 3.031997 4.09222 4.911971 2.669084 1.081409 0.5743067 0.2757369 0.06081467 0.06023496 0.09779994 0.1499651 0.4457558 0.366719 2.07329 1.652364 0.8332224 0.6319923 0.1068137 0.2321265 0.4992919 0.5131042 0.5992339 2.522025 4.693875 3.092406 2.146857 0.1246296 0.1443215 0.1676258 0.168473 0.1408385 0.1319514 0.1319629 0.2572159 0.4970872 0.3269989 0.1537709 0.1588814 0.1644758 0.5927231 0.5927756 0.5927756 0.8089617 1.021319 1.501328 2.664698 3.649826 8.40115
-9999 -9999 -9999 -9999 -9999 -9999 -9999 -9999 -9999 -9999 -9999 -9999 89.73538 109.1207 -9999 39.58233 -9999 -9999 -9999 -9999 -9999 31.08389 23.43757 17.77289 16.00857 11.18264 7.756607 5.288315 4.51816 3.344148 5.586808 1.164887 1.379183 2.023333 18.02677 4.540766 2.070293 10.37546 3.009813 0.8746005 0.3564047 0.275612 0.7247041 1.796074 1.642352 0.7350751 1.122858 0.4880558 0.3395872 0.3494871 0.1700595 0.1700595 0.2230177 0.6949028 0.4167467 0.143944 0.3871081 0.5287601 0.3273688 0.1537709 1.425466 1.834244 0.9428266 0.5927757 0.6311755 1.764932 1.961182 2.679175 2.941571 28.45116 75.59656
-9999 -9999 -9999 -9999 -9999 -9999 -9999 -9999 -9999 -9999 -9999 -9999 -9999 53.09512 226.1564 6.645973 -9999 -9999 -9999 -9999 97.53415 73.63686 21.13836 9.699835 20.84762 17.5815 10.12364 11.39291 16.30647 8.434039 7.576442 4.527917 2.821028 10.3734 14.49605 3.918519 2.388887 1.656899 6.268775 3.92024 2.824402 4.376519 7.338807 10.19178 4.236793 2.808166 6.329103 6.330271 0.3498513 0.3492104 0.1700594 0.1830491 0.7937796 0.9903723 1.031422 1.061623 1.377121 2.530473 2.735196 3.949101 4.08184 2.568503 1.14134 0.5927756 0.5945616 2.560726 2.628942 2.970755 3.631597 4.703989 240.1036
-9999 -9999 -9999 -9999 -9999 -9999 -9999 -9999 -9999 -9999 -9999 -9999 -9999 81.58802 101.8079 -9999 -9999 -9999 -9999 -9999 1726.325 162.0798 74.65921 12.47025 9.402363 13.02524 20.89198 13.46782 13.13653 5.392029 6.935748 7.901014 18.06434 29.3993 36.95884 15.58688 13.08901 19.84227 18.94502 26.41595 14.83044 14.70278 26.00968 55.72047 43.32482 35.06261 21.01076 19.0303 4.942351 2.334849 2.71253 3.860503 3.162978 5.505194 1.483338 1.557162 2.899432 4.135149 6.54147 8.294727 11.14595 7.143536 3.286281 8.469197 4.688282 3.078946 2.695611 5.204373 7.95996 16.49232 81.85732
-9999 -9999 -9999 -9999 -9999 -9999 -9999 -9999 -9999 -9999 -9999 -9999 -9999 -9999 -9999 -9999 -9999 -9999 -9999 -9999 -9999 140.5208 58.75629 34.24644 18.03067 8.747655 6.698501 8.437755 11.84949 11.58349 25.41031 39.8752 37.23815 36.15283 29.61021 55.86126 54.04076 40.43264 25.46654 26.24217 94.3668 41.75433 42.87056 138.8951 70.95931 107.3487 101.8973 42.13644 17.25389 13.78872 16.33569 21.39685 13.82191 22.35859 8.094899 5.203954 3.182236 4.625567 10.04416 17.7931 39.50015 29.63936 32.75206 20.5158 5.713357 8.652063 11.99781 20.0271 27.41629 22.37439 68.82709
-9999 -9999 -9999 -9999 -9999 -9999 -9999 -9999 -9999 -9999 -9999 -9999 -9999 -9999 -9999 -9999 -9999 -9999 -9999 -9999 -9999 49.72436 43.91283 34.55844 18.48888 11.60794 8.596956 6.743555 8.869892 58.72142 91.08575 29.10378 44.88815 34.15044 36.24049 73.41624 153.7467 67.08238 22.09114 13.37731 23.99857 48.8406 102.832 86.01932 111.5593 187.5962 325.6722 122.875 103.5557 30.59998 29.35119 38.61059 62.37871 55.77942 10.3623 8.871362 9.842034 6.702505 4.566124 12.16701 26.04002 19.66881 30.77586 25.02499 8.011568 13.35393 13.55306 16.07294 26.12282 20.13442 22.44928
-9999 -9999 -9999 -9999 -9999 -9999 -9999 -9999 -9999 -9999 -9999 -9999 -9999 -9999 -9999 -9999 -9999 -9999 -9999 -9999 -9999 22.24544 78.01368 11.85946 16.63314 66.55181 20.41365 10.94897 21.0239 26.92427 20.4871 26.57969 36.47208 66.76689 36.80251 34.1742 33.93887 71.30412 29.80301 17.41802 19.03403 34.47149 68.28049 64.22647 56.03607 216.1955 378.3499 150.2919 118.7035 58.14565 27.53235 88.80169 50.14687 16.66309 6.333311 6.571209 7.917535 4.400442 4.937735 4.700648 9.796008 19.75516 40.16496 28.37036 18.41272 12.33908 11.417 11.5765 12.73875 10.38307 7.774761
-9999 -9999 -9999 -9999 -9999 -9999 -9999 -9999 -9999 -9999 -9999 -9999 -9999 -9999 -9999 -9999 -9999 -9999 -9999 -9999 -9999 -9999 20.32966 49.96992 32.55482 41.62132 19.10512 13.11089 26.87788 10.947 9.314404 20.69308 29.42216 25.09228 25.26673 37.30223 28.93149 73.27344 53.87754 32.56099 21.64172 18.52795 29.53507 36.06298 38.55735 135.9149 87.3213 57.94779 59.2327 103.9884 50.80046 119.0979 94.61189 35.51656 11.88659 7.702354 3.974426 4.173411 4.642118 1.356026 1.602307 11.96793 20.80848 9.2865 13.6261 9.223031 7.744927 6.084312 6.199694 6.974733 6.101477
-9999 -9999 -9999 -9999 -9999 -9999 -9999 -9999 -9999 -9999 -9999 -9999 -9999 -9999 -9999 -9999 -9999 -9999 -9999 -9999 -9999 -9999 -9999 69.6075 237.1287 42.20295 21.46537 22.14403 16.39506 8.311204 11.25715 17.72894 42.90298 8.072928 9.317855 22.22666 15.80797 49.05169 33.1288 56.37126 27.59433 20.39208 20.70658 52.68987 69.4876 100.6076 163.8829 96.83315 34.78904 83.10869 87.39385 58.70153 37.778 52.21637 28.11707 19.62374 10.46406 6.345526 1.298582 1.049947 0.9655412 4.364803 7.016613 0.7006475 16.60256 29.47157 18.56326 12.42799 7.791585 16.32928 5.357491
-9999 -9999 -9999 -9999 -9999 -9999 -9999 -9999 -9999 -9999 -9999 -9999 -9999 -9999 -9999 -9999 -9999 -9999 -9999 -9999 -9999 -9999 -9999 -9999 513.8961 63.22512 48.44629 75.23122 28.9815 19.90456 13.19522 15.52736 20.88707 11.71957 12.25015 22.46304 14.53867 23.81999 35.08872 29.76831 29.63251 71.61459 147.4158 69.24138 46.11839 64.3567 74.71021 54.0014 30.86778 45.44665 31.2117 19.68756 9.637918 32.0657 38.50124 30.49577 12.90328 1.015987 0.7791098 0.8210533 0.4237627 1.760059 1.758233 0.7006475 8.176614 21.84226 27.48445 14.57287 11.08039 10.09934 12.21412
-9999 -9999 -9999 -9999 -9999 -9999 -9999 -9999 -9999 -9999 -9999 -9999 -9999 -9999 -9999 -9999 -9999 -9999 -9999 -9999 -9999 -9999 -9999 -9999 58.86881 35.28295 72.06311 17.33695 27.18806 64.36189 57.10972 48.26738 56.88314 47.25597 34.15299 74.79517 64.12222 20.73166 67.57665 64.75349 73.89168 249.1842 323.9279 282.3506 137.6917 108.7682 112.2691 84.1358 28.13159 13.11002 6.908832 12.77502 9.528403 14.77357 16.1865 7.465353 5.815067 2.91173 0.506708 2.099053 1.167234 0.213567 0.08127905 0.4432426 2.06798 6.75194 11.60941 18.5331 9.71071 9.361729 10.06042
-9999 -9999 -9999 -9999 -9999 -9999 -9999 -9999 -9999 -9999 -9999 -9999 -9999 -9999 -9999 -9999 -9999 -9999 -9999 -9999 -9999 -9999 -9999 -9999 -9999 -9999 30.73271 121.3461 23.27946 30.11281 45.36335 83.75438 81.42647 46.51733 54.98074 75.68603 231.3306 115.2191 105.0183 277.5965 364.8855 1332.471 134.0944 135.0739 278.9506 331.1223 152.2023 70.43326 78.84167 27.76587 8.673729 11.71387 10.72189 13.66481 8.760427 11.51059 4.896279 7.052029 1.281902 3.534172 1.557212 0.2527019 0.2884686 0.05214262 2.437247 2.777822 6.54727 12.98837 15.45648 10.82947 7.380942
-9999 -9999 -9999 -9999 -9999 -9999 -9999 -9999 -9999 -9999 -9999 -9999 -9999 -9999 -9999 -9999 -9999 -9999 -9999 -9999 -9999 -9999 -9999 -9999 -9999 -9999 -9999 196.5092 14.77473 9.061655 15.19011 63.81372 55.19587 289.4304 180.6314 56.85159 121.8806 523.1604 155.7602 444.0287 -9999 -9999 167.3708 199.5194 286.925 579.5907 79.80147 42.64297 140.2011 13.05173 4.154696 8.864177 7.376942 7.660369 6.459526 4.736965 2.659328 7.186755 12.17155 6.474411 1.222552 1.103732 0.8345541 2.495509 1.917822 4.088914 8.201553 5.325558 6.708123 10.77801 3.626489
-9999 -9999 -9999 -9999 -9999 -9999 -9999 -9999 -9999 -9999 -9999 -9999 -9999 -9999 -9999 -9999 -9999 -9999 -9999 -9999 -9999 -9999 -9999 -9999 -9999 -9999 -9999 -9999 69.65227 15.16292 36.3765 98.70528 47.5272 -9999 -9999 96.596 511.2807 -9999 -9999 -9999 -9999 -9999 -9999 113.3813 250.9512 604.0259 216.8399 146.18 17.97953 29.27172 9.591453 7.718291 9.762098 14.83916 7.902507 6.862199 69.24593 15.07357 15.41743 14.57658 10.55302 3.493149 3.239546 1.884653 1.571416 3.556494 7.207966 6.972432 15.71021 15.58585 5.230838
-9999 -9999 -9999 -9999 -9999 -9999 -9999 -9999 -9999 -9999 -9999 -9999 -9999 -9999 -9999 -9999 -9999 -9999 -9999 -9999 -9999 -9999 -9999 -9999 -9999 -9999 -9999 -9999 -9999 -9999 -9999 -9999 -9999 -9999 -9999 -9999 -9999 -9999 -9999 -9999 -9999 -9999 -9999 -9999 -9999 -9999 130.3393 261.0205 16.59748 145.3393 9.735877 5.372795 5.647819 6.035997 5.036609 5.631185 13.47834 38.26532 20.82353 13.72804 9.778345 4.3823 4.52937 5.178238 6.445663 7.428794 4.605951 12.03177 67.94994 80.70152 25.75489
-9999 -9999 -9999 -9999 -9999 -9999 -9999 -9999 -9999 -9999 -9999 -9999 -9999 -9999 -9999 -9999 -9999 -9999 -9999 -9999 -9999 -9999 -9999 -9999 -9999 -9999 -9999 -9999 -9999 -9999 -9999 -9999 -9999 -9999 -9999 -9999 -9999 -9999 -9999 -9999 -9999 -9999 -9999 -9999 -9999 -9999 -9999 21.57388 15.99027 15.55232 7.002889 5.705365 3.835045 3.384224 1.611177 0.7916641 19.29691 23.39708 21.88754 22.29135 21.02538 8.328851 6.208915 7.515908 7.338437 15.13401 11.91823 15.53303 111.1746 50.05525 92.83561
-9999 -9999 -9999 -9999 -9999 -9999 -9999 -9999 -9999 -9999 -9999 -9999 -9999 -9999 -9999 -9999 -9999 -9999 -9999 -9999 -9999 -9999 -9999 -9999 -9999 -9999 -9999 -9999 -9999 -9999 -9999 -9999 -9999 -9999 -9999 -9999 -9999 -9999 -9999 -9999 -9999 -9999 -9999 -9999 -9999 40.32076 -9999 39.96274 20.95079 15.30702 2.362886 1.30227 1.39319 1.462417 1.243989 0.8990929 6.936635 11.30644 12.63823 15.0969 7.198653 6.545869 7.590286 5.915993 3.434187 7.638156 6.01593 25.797 92.32111 61.63992 55.31136
-9999 -9999 -9999 -9999 -9999 -9999 -9999 -9999 -9999 -9999 -9999 -9999 -9999 -9999 -9999 -9999 -9999 -9999 -9999 -9999 -9999 -9999 -9999 -9999 -9999 -9999 -9999 -9999 -9999 -9999 -9999 -9999 -9999 -9999 -9999 -9999 -9999 -9999 -9999 -9999 -9999 -9999 -9999 -9999 149.1365 -9999 -9999 84.48438 1.44065 1.589659 1.375652 1.459067 1.753076 2.06143 1.641658 1.495424 10.54294 9.815002 8.031231 8.188441 7.809618 9.32301 18.65346 37.63126 2.897215 3.451396 31.14487 133.8497 115.8411 77.00982 305.2336
-9999 -9999 -9999 -9999 -9999 -9999 -9999 -9999 -9999 -9999 -9999 -9999 -9999 -9999 -9999 -9999 -9999 -9999 -9999 -9999 -9999 -9999 -9999 -9999 -9999 -9999 -9999 -9999 -9999 -9999 -9999 -9999 -9999 -9999 -9999 -9999 -9999 -9999 -9999 -9999 -9999 -9999 -9999 -9999 19.51533 -9999 13.96524 14.51416 2.951958 1.366412 1.819114 1.419326 1.859968 3.232622 3.328941 4.606351 25.66534 8.388619 8.472581 8.73238 6.832133 7.252174 5.708076 4.098188 5.719644 5.251119 22.46317 97.39069 150.3817 132.0095 87.03362
-9999 -9999 -9999 -9999 -9999 -9999 -9999 -9999 -9999 -9999 -9999 -9999 -9999 -9999 -9999 -9999 -9999 -9999 -9999 -9999 -9999 -9999 -9999 -9999 -9999 -9999 -9999 -9999 -9999 -9999 -9999 -9999 -9999 -9999 -9999 -9999 -9999 -9999 -9999 -9999 -9999 -9999 -9999 164.3477 -9999 -9999 4.389469 4.037469 1.926687 2.596161 3.262942 10.23725 2.799064 5.263842 6.98238 11.80565 11.90911 7.353945 1.876353 2.853341 5.643088 5.488285 4.812073 4.261558 6.331695 8.430608 59.11313 340.7431 202.7663 103.4688 470.3629
-9999 -9999 -9999 -9999 -9999 -9999 -9999 -9999 -9999 -9999 -9999 -9999 -9999 -9999 -9999 -9999 -9999 -9999 -9999 -9999 -9999 -9999 -9999 -9999 -9999 -9999 -9999 -9999 -9999 -9999 -9999 -9999 -9999 -9999 -9999 -9999 -9999 -9999 -9999 -9999 -9999 -9999 -9999 -9999 -9999 -9999 -9999 1.213368 2.380768 5.058057 9.006894 4.164475 6.686126 7.237185 17.78996 7.908588 9.598939 7.227858 4.784126 2.265166 0.2205504 0.06002765 0.4586682 12.44651 8.177647 8.796719 154.4483 318.9713 186.6595 52.43069 177.7346
-9999 -9999 -9999 -9999 0 95.64747 -9999 -9999 -9999 -9999 -9999 -9999 -9999 -9999 -9999 -9999 -9999 -9999 -9999 -9999 -9999 -9999 -9999 -9999 -9999 -9999 -9999 -9999 -9999 -9999 -9999 -9999 -9999 -9999 -9999 -9999 -9999 -9999 -9999 -9999 -9999 -9999 -9999 -9999 -9999 -9999 -9999 -9999 1.115224 3.067546 11.68022 8.299974 26.88731 27.93425 8.536784 19.16817 8.951838 7.861589 4.406043 2.885635 0.2330551 -9999 0.6634164 7.835045 16.06862 11.72979 37.30848 288.0384 111.0626 27.45786 71.25177
50.41384 26.08847 -9999 -9999 -9999 -9999 -9999 -9999 -9999 -9999 -9999 -9999 -9999 -9999 -9999 -9999 -9999 -9999 -9999 -9999 -9999 -9999 -9999 -9999 -9999 -9999 -9999 -9999 -9999 -9999 -9999 -9999 -9999 -9999 -9999 -9999 -9999 -9999 -9999 -9999 -9999 -9999 -9999 -9999 -9999 -9999 -9999 -9999 -9999 247.6588 12.16461 31.63004 31.11668 552.9159 17.6883 20.00615 44.17476 38.24898 14.41448 15.84353 13.60037 3.834232 0.6091941 6.473907 20.62395 13.05428 20.93334 148.1342 45.60872 7.753761 40.60513
31.81057 20.75145 153.7807 -9999 -9999 -9999 -9999 -9999 -9999 -9999 -9999 -9999 -9999 -9999 -9999 -9999 -9999 -9999 -9999 -9999 -9999 -9999 -9999 -9999 -9999 -9999 -9999 -9999 -9999 -9999 -9999 -9999 -9999 -9999 -9999 -9999 -9999 -9999 -9999 -9999 -9999 -9999 -9999 -9999 -9999 -9999 -9999 -9999 -9999 5.651623 48.65941 77.22501 42.33709 40.58833 22.35519 23.91762 57.02857 33.5795 21.28103 24.27291 63.80888 20.16322 13.83058 13.55131 13.10544 8.484141 6.886021 20.05016 10.74317 10.70775 25.16208
