data/gpw_v4_population_density_rev11_2000_1_deg.asc
ncols         360
nrows         180
xllcorner     -180
yllcorner     -90
cellsize      1
NODATA_value  -9999
[rows 32 to 63 of 180, columns 213 to 283 of 360]
11.4038 26.06894 15.58704 9.699567 16.41494 47.36292 122.1722 92.61429 53.18167 27.81685 6.602327 7.394283 9.94171 11.7847 8.582754 11.08431 10.81271 6.300124 6.157391 11.30829 22.76665 16.73355 88.44693 100.2887 16.49407 20.16281 60.98238 41.3239 37.43326 15.03947 12.14608 7.160243 99.81787 5.643318 2.915338 1.611673 1.520011 1.760637 1.654789 1.477495 2.635139 3.176631 2.217633 0.4936554 0.4315874 0.4306697 0.7397088 0.6224468 1.099456 1.394283 2.327596 3.494416 4.925759 1.374208 0.933926 0.6231025 0.8415453 0.8468575 1.014756 1.860253 2.214341 1.399148 1.500186 1.680317 1.760022 2.572786 1.457705 1.110027 0.5638973 8.554715 2.201617
5.574885 17.74302 74.25052 50.54866 112.9367 80.63258 31.22647 100.3684 76.10582 26.40477 269.2223 74.96677 11.75278 16.24331 147.5127 31.76759 21.54765 21.51736 20.08474 27.89297 133.2878 48.36512 15.18362 14.07693 15.49508 11.03847 27.04865 267.2268 54.57104 23.29269 23.02407 7.781664 10.89972 14.76674 5.721498 5.333379 13.67043 3.822848 2.874035 2.525707 3.163519 4.909917 3.322678 1.862743 1.826037 0.9842301 1.020739 0.8203315 0.9076406 1.262879 4.39214 55.5594 63.15015 14.64916 6.975243 6.072037 5.835601 27.98675 3.623089 78.99804 49.96389 16.128 20.21801 4.499534 4.148641 2.670476 1.537532 1.778443 46.11565 2.107001 2.647368
14.69999 15.91233 19.69786 99.38364 1798.52 229.7883 50.03465 26.4422 23.11783 46.07582 42.47299 23.35681 17.90307 28.94118 46.98792 73.50054 197.837 24.54374 63.66755 110.8291 19.25344 22.6807 22.47368 12.88548 13.09137 14.60822 32.28329 49.24435 217.7718 10.68947 9.20028 11.57071 67.3001 6.478969 5.629739 8.908954 17.16035 4.800133 7.222138 8.975321 75.40279 8.377901 6.115407 4.776081 6.306969 7.293609 3.108924 2.382555 4.052344 93.60693 34.68477 22.43088 33.79361 76.2934 4.02643 5.140969 13.28385 7.644429 3.287064 62.11426 8.80972 7.943924 2.850783 3.692382 3.121553 2.197248 1.527369 1.953144 2.218443 2.109252 1.223192
18.24857 12.96787 19.82448 74.8344 145.1864 61.87738 105.5832 15.20645 20.42094 14.79481 30.34833 22.03265 71.59547 21.93101 18.9505 149.8966 32.90297 19.24136 20.85125 42.08497 48.85278 29.01932 67.3963 128.2699 14.19324 19.55943 29.47749 22.96391 50.82835 7.857304 5.980588 7.863626 5.362244 4.967066 6.043732 15.20054 14.86035 6.194373 10.19153 11.45078 126.5061 11.65098 6.112852 4.222313 6.027081 5.430287 4.310686 4.605609 6.663422 69.60016 99.53569 7.868831 20.10364 53.731 5.087289 6.150598 4.806233 4.494063 4.503703 2.319255 2.217506 2.0439 1.725602 1.568661 1.83161 1.621838 1.619501 8.939195 3.255296 7.989491 0.8769325
20.79657 98.26737 14.75729 30.02471 32.11008 46.98737 23.85921 19.10856 19.02634 14.21339 18.56239 50.30675 74.23464 29.21027 15.44984 45.54626 182.3179 171.5779 22.30786 20.93085 11.66513 12.95492 68.84674 27.24404 7.664913 34.06826 46.02168 10.77343 7.181572 10.08796 35.65859 10.09063 4.500777 4.401894 6.023327 8.568114 16.10389 8.979444 3.302798 2.589198 3.699932 4.988201 3.687172 4.277365 6.09161 9.243163 7.284305 5.594646 12.89417 9.714952 126.1074 15.82697 6.602026 46.80816 97.42503 11.55588 5.411502 5.397518 59.64093 3.28253 1.753311 1.689575 1.234863 0.8141332 0.8592505 1.30407 1.545845 2.242571 3.108253 9.832905 15.68108
22.70507 16.80852 32.87207 58.37736 23.44764 35.59345 101.5756 35.38493 75.83677 17.68048 19.14007 18.33556 14.72482 14.97036 22.66231 18.78158 20.50258 13.10248 8.957353 21.29255 11.68204 8.10839 20.27346 10.9775 4.738719 18.07931 5.351415 7.125943 5.200547 8.179935 16.69017 5.710883 2.906602 4.22611 4.28647 5.758281 12.32373 7.99338 2.941575 2.703361 2.373076 5.13444 5.063592 18.5745 32.61263 11.86907 8.64744 8.023961 8.935588 11.9236 7.236019 19.74923 33.70864 4.278974 2.949718 3.557426 1.545952 5.543333 6.127909 1.673464 1.298809 1.603524 0.8380367 0.1385965 0.1385965 0.2068333 0.2067597 0.4220963 1.676991 3.97921 55.97799
55.82811 26.95704 33.10863 85.54388 42.69671 38.32747 168.9467 21.25484 18.78759 28.43706 19.96288 11.47774 111.1417 81.90421 29.09892 14.56059 7.933276 15.15622 17.06157 10.34589 7.595508 11.61887 90.35779 8.081233 11.85932 58.90383 9.145439 5.363223 3.726944 1.86742 2.21453 1.483287 2.641428 3.033913 2.933983 4.98614 4.503772 14.88636 27.18251 5.723938 3.080912 7.406147 5.780348 4.722019 5.231101 2.710761 4.405957 5.547583 30.84399 6.954364 3.821882 4.992698 12.14519 5.190811 1.005435 0.8056074 1.257267 3.414455 2.184372 2.623842 2.532003 16.83602 0.8104799 0.3957258 0.3712063 0.3737462 0.4339086 0.6060131 0.8668662 1.906963 8.327213
38.04361 76.30612 36.15506 191.536 31.79457 26.88189 30.77412 24.33028 14.67405 13.99583 17.57276 10.63042 31.5138 9.181661 6.679848 6.474202 4.058394 6.166614 4.720365 2.950255 3.349673 3.893866 3.321773 8.162988 36.67095 3.710447 3.670907 1.712844 1.167533 0.8879839 0.634317 0.7871907 1.039123 3.001407 3.272425 2.702025 1.723302 6.699611 19.31035 9.59265 17.56387 27.3074 2.554365 1.440096 1.748286 2.873114 7.146516 8.759409 13.95183 12.78539 12.16218 4.619256 1.406105 1.263546 0.8867562 0.6735309 0.9873347 1.354809 2.113866 4.077106 1.49248 1.308484 0.9443237 0.5578421 0.1972778 0.5418271 0.6767492 0.8691753 0.3966615 1.066657 1.659784
81.00428 73.39159 37.0956 155.4667 38.59136 31.34468 21.39075 16.66795 9.169242 6.665685 11.83758 9.235204 9.832405 4.103513 2.220533 2.24662 1.839364 1.364892 1.823437 2.067425 2.032171 1.94655 2.325363 3.196445 2.983417 2.535373 1.762656 0.7692368 0.6657862 0.6438053 0.536051 0.5736821 0.9800572 2.196615 2.075696 0.8463171 0.8108891 0.8163734 3.095455 20.321 28.66594 12.59883 1.757136 2.399529 9.151032 7.258058 2.64517 2.891295 7.457749 25.65381 12.80831 6.22029 2.972404 2.362492 0.93805 1.11296 2.148148 1.153894 2.78834 1.018782 0.7494661 0.7773288 1.234911 0.8358379 0.6191669 0.7992842 1.08112 5.969919 1.526275 1.00413 0.6659694
67.76884 130.9663 136.7367 39.71129 216.9039 264.6533 149.7096 42.30191 14.91633 9.019736 13.0404 198.9646 9.327755 8.519591 1.731804 1.232505 1.129877 1.625092 2.374892 2.013782 1.296922 1.334874 0.7640913 1.133667 2.187023 1.607067 1.022853 0.5703461 0.4452989 0.3974602 0.4659275 1.083143 1.356183 1.429093 1.430401 1.400058 1.115511 0.8562548 0.8635695 0.8162028 0.8083557 1.517642 1.971828 2.019324 3.513895 2.59175 1.213655 1.962207 2.575029 3.124595 2.653334 2.12297 2.702276 6.680472 1.805438 3.61999 4.274536 1.346806 2.275085 0.7040358 0.4246636 0.51786 0.6970604 0.6302902 0.9616756 1.810652 1.460864 1.452665 1.586935 1.326823 2.509019
102.9896 73.35223 141.2039 27.62546 195.3165 107.4498 220.2995 87.07294 20.52342 35.85392 7.677563 3.104109 2.435486 4.911191 4.907575 3.968905 2.405722 1.947955 6.465734 15.34553 3.45756 2.237029 0.4765772 0.4000788 0.563482 0.8295792 0.7693744 0.832005 1.359971 0.8097374 0.9134594 1.392524 1.430401 1.430401 1.430401 1.426905 0.9972042 0.863612 0.8438383 0.8098651 0.9805236 1.574961 2.143129 2.139137 1.876588 1.897897 1.770093 2.940308 2.988348 3.117267 3.130496 3.608968 5.389392 7.956079 18.98516 9.302155 2.845788 1.594671 3.771268 0.8588067 0.5118754 0.3987167 0.4700206 3.401022 0.580557 0.6129777 0.7938673 1.093007 4.061184 2.27933 1.834343
46.46083 26.65445 64.72948 76.75288 53.9432 46.91649 35.1398 23.67964 22.69091 11.26674 5.185781 15.23372 1.380203 2.86626 30.36046 57.82836 3.54491 1.85641 76.63835 70.32407 2.512637 2.089426 1.314028 0.6933482 0.4543388 0.7627382 1.089809 1.559207 1.62082 1.77678 1.583107 1.565908 1.376809 1.412601 1.427827 1.330882 0.866839 0.8636121 0.8266428 0.8083557 1.218845 1.885571 1.292232 1.882958 2.244635 3.302504 3.106429 2.940682 3.621321 11.95451 22.65672 4.030252 2.660784 1.605942 3.4404 2.474887 3.955042 5.682781 1.008308 0.6331681 0.6117612 0.4873919 1.020174 2.132719 0.5624424 0.5076373 0.7844489 4.671774 1.879752 5.504827 1.467349
66.99397 56.68109 74.32332 112.8703 78.0918 93.9597 105.1502 60.3135 65.39788 34.93552 14.35717 6.279401 2.485179 2.946033 10.21068 17.63528 16.97394 1.63192 1.594781 0.6556036 1.004504 0.7975935 0.7980804 1.819458 4.088642 5.024106 3.798601 1.619759 1.724758 1.793628 1.549786 1.556027 8.5556 1.549257 1.484306 1.190056 1.348532 1.51009 1.163632 0.7354024 0.7428115 0.8952162 0.8958514 1.608818 2.355854 8.418969 3.827555 3.329899 7.36486 4.952252 4.246947 23.33893 7.365704 1.073758 0.03214305 0.1578709 0.2882885 0.8943001 0.8305075 0.2575617 0.2930418 0.290957 0.4331971 0.4322669 0.4496304 0.5310101 0.4523095 0.5368796 0.8599283 0.6013039 0.7353373
213.3705 216.7372 64.91789 -9999 216.1221 62.45306 58.36417 44.83938 69.35986 65.97276 70.34445 22.99892 9.375496 6.23201 13.80363 -9999 1.63192 1.631896 0.9674304 0.6301342 0.6281419 0.8384905 0.7183743 10.13228 10.13228 10.13228 10.13228 5.580507 2.20011 1.719879 1.607741 1.562535 16.42529 2.416313 2.479844 1.19273 1.239547 2.084237 1.466464 0.7327362 0.8842914 4.34782 4.862719 11.93785 8.721498 11.83488 13.31626 33.33868 25.74335 29.41256 4.73257 38.61649 41.00487 68.5021 62.84975 9.646818 12.8464 1.621003 0.5092912 0.1449346 0.2455224 0.1122755 0.1105654 0.2058278 0.100773 0.1609717 0.2554996 0.4213637 0.4165844 0.4922136 0.2439659
-9999 -9999 -9999 -9999 -9999 -9999 108.7728 36.60259 18.49299 36.1324 83.50797 98.09935 88.66831 79.48859 103.4814 -9999 -9999 1.63192 27.85753 1.043151 1.192481 1.358057 1.20568 10.13228 10.13228 10.13228 10.13228 10.13228 8.934928 5.018319 5.087429 5.057987 4.079761 2.943257 6.402448 26.11021 4.027186 10.3732 29.3649 8.263598 8.835314 17.73823 7.746364 140.5185 42.22989 16.62794 8.065527 15.41658 114.0438 38.96085 25.3028 2.568414 1.562731 5.990969 250.4767 6.194756 21.72773 8.965398 2.272076 8.475755 8.058083 2.192034 0.4083885 0.1679006 0.1063257 0.1430231 0.1241978 0.14512 0.1385919 0.1451287 0.1479149
32.43259 105.1966 108.0567 -9999 -9999 -9999 -9999 147.4463 81.40253 80.49776 35.10472 48.26158 26.0432 32.10285 96.68227 295.9538 -9999 -9999 1.398695 1.47084 1.868924 1.938205 1.401036 10.13221 10.86596 14.31131 12.55693 10.15658 9.954325 7.152728 6.958244 6.958244 6.861619 3.587779 4.443933 7.134928 87.48498 38.6678 31.56878 14.48757 13.0503 131.5694 24.77614 20.01023 13.68997 17.82784 8.101362 8.706406 6.644826 2.453513 1.128102 1.793976 3.316547 27.22002 3.409273 9.014431 28.6195 7.856187 0 1.392185 29.24937 1.510698 0.3396351 0.06144918 0.1581414 0.3803654 0.08212384 0.2787606 0.3880725 0.3915384 0.1129387
27.45349 32.30391 63.70217 221.8528 217.1273 214.2542 352.9082 184.3348 95.21921 37.73476 34.06047 178.9869 73.03091 45.80628 31.47518 70.12786 43.23647 -9999 -9999 3.683172 4.253178 4.202393 2.506659 10.36627 16.85488 17.07659 17.06262 92.02831 38.58568 16.52963 7.091428 6.958245 6.958244 9.157292 14.17497 29.53172 318.3216 116.1658 78.11382 52.637 31.28797 6.216388 8.900514 6.218452 5.386708 5.130064 21.94144 58.89893 15.46075 69.36108 18.89402 8.309323 7.269327 52.79984 1.736322 0.2029773 1.481432 0 0 0 0.02392204 0.8617339 0.6169448 0.1908388 0.0512379 0.002002439 0.1669215 0.3846838 0.3749731 0.6800935 0.06970839
41.74706 49.10093 62.15049 77.0535 94.14275 62.87607 91.78159 56.8438 38.18364 26.00661 55.36964 215.6659 59.20669 98.9835 83.22495 45.74948 342.4646 453.4573 -9999 4.253178 4.253178 4.253178 4.253178 5.653594 16.10688 15.77017 17.00322 13.50908 12.35239 53.02934 32.7955 28.59238 15.49721 84.71004 50.61773 115.7168 154.8978 184.2685 277.5213 271.4652 59.50176 9.293942 2.061343 3.046871 1.135952 4.122618 9.973482 36.89106 12.29868 2.201246 0.4096023 0.08130905 0.04985484 0.4372109 0.5873822 0.2060508 0.2289735 0 0 0 0.1669987 11.79671 8.363664 8.297596 6.190075 6.942149 3.355031 0.1553235 0.009084831 0.06980287 0.1266105
100.3013 40.30466 53.8403 40.8111 22.38331 9.360522 33.75134 23.25896 52.98445 41.61417 54.59882 86.14413 44.664 47.11411 69.52547 86.74335 61.93659 -9999 -9999 4.253178 4.253178 4.253178 4.253178 4.72788 8.363163 8.363624 8.562564 11.86816 12.90784 14.62509 27.17933 37.03633 99.11808 127.8281 85.27411 36.17786 32.67739 18.16825 14.22673 12.60017 6.944848 4.801233 71.61893 102.8335 30.65479 18.777 5.424087 0 0 0 0 0 0 0.005440001 0.2971646 0.7249537 0.2060355 0.102395 0.0001206941 0.1593285 0.5664316 5.112613 0.935341 0.7662773 6.257988 62.97792 20.53441 22.41006 0.8277292 1.010641 3.297471
40.98689 69.31631 94.2681 25.37523 33.9744 85.80751 66.50117 67.49406 58.0504 51.51883 63.79934 59.11996 69.25723 120.0169 50.13552 132.7911 118.6251 -9999 -9999 -9999 4.253178 4.253178 5.549911 11.39824 11.37094 8.363624 8.363624 11.31984 15.02504 13.41774 12.2703 21.43397 52.12813 71.42953 84.20638 166.9625 60.69282 20.34015 5.83028 2.509037 0.4594836 0.8849694 4.870474 24.2488 101.2325 0.09076346 0 2.410674 1.307282 0.03519236 0.03831603 0.000386829 3.975321 0.3959714 0.4662479 1.085518 0.1096066 0.1964935 0.739769 0.2121033 0.02753246 0.1825261 0.2436979 0.006521128 0.1234295 0.3393826 3.484032 76.01524 27.83126 64.57006 18.02205
35.09049 68.59669 86.70119 103.1191 121.7081 92.90446 87.09948 83.50866 99.92657 62.85689 32.93238 83.49594 113.9281 115.3307 34.14873 48.89021 284.3777 248.0124 -9999 -9999 9.47473 41.95002 77.32687 17.51329 36.38137 102.1655 11.4746 8.967158 14.6773 15.07898 13.48102 13.40334 14.58205 41.22526 69.42939 116.4335 101.1725 33.43947 9.865799 5.36278 0.6371121 1.060426 2.526854 6.425386 32.71889 18.83839 79.95314 23.58846 3.739477 1.608032 0.4652058 0.5209423 0.2727861 0.1718611 0.00670246 0.0006557174 0.004653919 0.09404006 0.687194 0.3717841 0.04186635 0.04837081 0.4050414 0.4699749 4.53164 2.032678 2.791668 5.182768 27.16278 97.41725 40.36953
42.15108 272.5717 440.3963 174.1831 334.5695 76.98586 40.46719 49.18441 45.45869 108.5265 81.72021 102.459 63.64471 53.96322 26.66101 43.77329 67.75293 109.3823 114.0344 209.6558 108.024 67.77718 14.36975 15.85951 36.02496 47.31377 164.8799 57.56182 13.33119 15.07898 14.85871 21.39996 37.62082 69.64977 64.56236 85.39681 69.1311 23.17085 13.46337 14.65231 10.25082 11.99557 6.090461 0.4558553 0.2604815 0.9446789 7.526136 7.230353 19.4677 2.137721 0.2516464 0.09363295 0.003140976 0 0 0 0 0 0.04875136 0.08597824 0.0712548 12.3687 1.333938 0.3021907 2.967317 2.414753 2.51158 12.3113 210.9393 106.6881 261.5263
127.5654 81.51648 533.7456 220.2626 33.17669 25.53756 32.82915 27.62797 10.61392 24.42931 70.11748 86.63355 104.5019 64.54247 53.02404 44.89955 37.42379 316.235 1273.605 30.06368 12.44016 5.892882 4.460992 7.997698 26.3306 49.84339 73.07845 61.55545 14.63946 17.43354 14.9323 32.3754 20.75502 24.35195 15.70189 32.31411 67.25153 10.52799 47.66584 155.8224 37.34029 20.30184 13.07106 10.50116 1.697518 0.1093799 0.1440037 0.06657726 0.3596709 0.09037889 0 0 0 0 0 0 0 0 0 0.007855808 0.1303416 0.6229817 0.09289946 0.4864246 0.597389 0.6818483 3.459169 13.0851 12.00021 63.80507 219.0072
138.3189 111.2462 439.2821 208.1507 11.81213 2.692661 5.73367 32.54623 12.61055 13.05041 37.10904 40.3123 38.64233 71.06879 84.47861 114.5897 76.81409 67.64513 60.40252 8.972922 8.503059 4.913146 3.63947 2.588151 5.878254 18.79181 14.37285 25.31354 13.77754 64.39287 17.5629 8.101187 12.90258 20.28278 24.09018 54.59525 319.5184 126.5035 477.8977 457.882 263.7937 254.5552 67.9728 10.93812 2.019041 1.319497 0.08334619 0.1045258 0.002629012 0 0 0 0 0 0 0 0 0 0 0.1005037 0.1153565 0.3658181 1.538132 0.5430465 0.3122694 0.3106972 1.421505 4.685193 4.930548 12.53048 44.74648
-9999 -9999 400.6683 342.1897 3.187709 0.6502082 0.9597255 1.546503 2.923949 18.72335 77.38976 623.5213 19.44361 46.87726 46.97731 93.06136 54.51793 44.18843 39.69709 5.513143 3.909144 2.870828 1.51677 1.134504 4.954822 7.805431 9.115865 6.99536 7.25962 10.70684 8.657619 13.07939 17.28299 21.84904 55.87922 105.748 75.19973 128.3709 315.0358 393.0257 438.1443 253.3422 164.25 12.17405 2.571239 2.514651 0.5621396 0.1670437 0.05913232 0.006171687 0.1093549 0.1849527 0.1153472 0.1468806 0.06598574 0.03502692 0.005815872 0.03468208 0.06830528 0.04335548 0.1169699 0.3153709 2.44374 4.474071 4.15823 1.699914 2.44014 2.967819 4.082131 6.669925 6.730981
-9999 1774.196 423.3395 163.4246 2.689544 0.3920186 0.459964 0.2329168 0.2295988 2.148028 49.85948 190.3077 67.09791 34.79084 27.81859 58.69357 38.32775 62.62795 126.5512 97.12154 9.938267 19.94284 3.169949 1.44775 1.261847 9.066526 7.015457 5.319901 6.592116 14.47533 4.484489 15.22732 23.43251 16.02646 30.62246 14.94636 51.82925 165.4297 175.3933 269.1728 447.8213 820.5327 326.5218 104.3114 15.88923 2.039745 1.147411 0.7913164 0.3561164 0.2471869 0.4655577 0.3736301 0.2380721 0.164481 0.4877124 0.3501953 0.1810131 0.4779946 1.634287 1.680016 2.674572 1.022081 3.11472 5.930695 3.386235 4.578988 3.802061 5.610045 6.698133 5.173203 9.132765
96.15063 384.3866 351.2815 42.48844 5.918024 2.299945 2.510027 3.407907 0.9658272 0.2297026 12.2096 59.85964 96.03931 84.39479 56.29488 121.1414 74.76479 51.09299 31.4929 56.73099 11.41869 35.32019 10.70416 5.002423 4.612916 10.07078 3.008103 8.953673 17.0802 3.135765 10.95568 27.90754 54.90157 13.73016 16.89776 7.410265 24.27929 106.955 132.1588 404.5756 775.7152 1079.14 609.8241 325.0426 114.9542 14.19686 2.546921 0.3272964 0.2642163 0.2825417 0.4788218 0.4175015 0.6555523 0.4748196 0.574533 0.7243149 1.059086 1.332128 4.243142 5.697926 4.830631 4.578504 5.593981 6.918642 8.887306 8.056242 5.814661 8.029926 4.942722 12.72852 64.21504
3.241406 4.682883 19.20889 0.3665662 2.550709 4.796985 3.113188 3.797324 4.056409 3.937749 15.12811 3.74631 7.531742 34.3786 131.305 74.26194 44.97366 46.20092 36.76841 32.20172 10.78006 6.130401 21.4878 23.68352 11.53264 13.92338 12.84268 24.99711 20.86764 3.167302 2.441202 4.439624 3.898333 87.09792 50.82401 22.90296 26.11784 146.8681 477.1068 494.8236 478.618 363.0141 471.5774 626.8632 351.8929 201.8276 61.04998 11.25993 1.199823 0.313297 0.7307448 0.2481282 0.4183738 0.6384271 0.8061647 0.8063816 0.9283707 2.696661 4.979357 2.281907 1.886791 2.89705 3.89558 3.402604 4.711856 5.634562 2.662281 6.302567 9.421301 35.27531 558.9521
1.740657 2.310971 11.3092 4.564062 6.861429 2.501879 1.343346 2.521991 3.828621 2.472283 2.336845 0.5851493 0.2419674 8.614904 90.35395 312.9132 8.523022 49.47584 60.5411 170.4495 35.90446 10.32447 15.53206 24.40152 19.75285 32.88105 17.184 19.50799 5.21314 1.163359 2.490428 2.781861 8.505113 32.52265 26.26309 14.85474 20.67297 247.9592 397.6758 226.1535 201.7903 185.0267 303.1159 470.9467 833.0996 502.0275 213.3288 113.9657 120.8542 10.81338 1.10992 0.8912038 0.9728054 1.780335 5.564246 12.6592 13.46547 10.77568 41.27514 4.597825 2.064868 5.374173 1.893178 1.315479 3.194639 4.923433 4.157941 4.445337 4.653742 79.61141 336.4606
3.845132 8.207702 6.609566 8.040362 5.583631 3.644295 2.975668 4.999512 5.276109 2.056035 1.466894 2.891744 4.047812 4.802976 17.39511 27.04287 -9999 140.0409 22.56996 18.36527 27.86812 20.00043 13.85931 22.16577 20.31156 26.13079 14.10752 13.97243 11.06513 4.028902 2.459151 5.937684 7.544302 18.99551 42.86103 155.3595 150.9036 255.888 23.64395 31.87957 65.01016 109.783 241.7439 584.9152 2073.776 761.293 706.9864 242.1658 221.9298 107.6543 169.0626 80.30499 10.15778 2.95596 4.968638 3.33649 6.695138 4.112995 3.969123 4.494086 2.331331 10.75397 10.20259 3.350136 1.150172 3.487122 6.826174 4.680449 11.93957 92.84937 98.01155
18.4802 38.36253 3.914274 5.432121 3.996122 0.7803851 1.469114 5.709438 5.734318 2.352448 4.963834 6.631413 4.649377 3.85485 2.105589 3.317821 33.87239 4.83553 19.57103 24.85357 17.60406 13.46783 20.83175 38.99223 30.15327 8.16188 8.027254 15.67366 10.95448 22.07137 5.591585 4.55671 5.32581 13.30294 134.5779 366.6168 87.46389 22.4938 21.71317 43.94135 109.4107 174.6221 323.6399 351.1251 597.1534 809.0349 614.7798 596.4741 540.7444 446.3543 489.6586 256.0567 339.0605 154.9118 75.75398 126.8687 18.02762 6.322683 14.5982 11.51147 38.10313 163.6425 219.423 13.75843 4.387856 8.118076 26.80755 26.20066 37.20467 126.668 177.0961
5.118209 6.814218 3.552856 2.997512 1.924375 1.617705 1.991129 4.177896 3.403295 7.022173 16.06686 11.79132 3.696722 2.049382 0.7896172 2.155688 115.3904 770.5208 3.671518 -9999 12.91336 12.43928 29.60159 35.31065 22.17266 5.511553 7.802189 10.13981 14.01831 18.78044 17.41413 12.3139 5.733257 11.5155 105.8911 212.4657 23.95101 12.57169 26.12497 112.4885 166.1141 215.7873 374.7694 255.0957 291.2457 381.8318 456.0487 965.8307 696.1885 784.2607 986.6254 1004.506 1063.875 624.9561 463.1601 586.3925 477.1723 334.4421 453.545 419.5732 172.8302 237.353 30.02701 5.381942 4.693452 12.20466 49.11183 93.34579 110.0579 92.76024 137.4662
