data/gpw_v4_population_density_rev11_2000_1_deg.asc
ncols         360
nrows         180
xllcorner     -180
yllcorner     -90
cellsize      1
NODATA_value  -9999
[rows 0 to 31 of 180, columns 213 to 283 of 360]
-9999 -9999 -9999 -9999 -9999 -9999 -9999 -9999 -9999 -9999 -9999 -9999 -9999 -9999 -9999 -9999 -9999 -9999 -9999 -9999 -9999 -9999 -9999 -9999 -9999 -9999 -9999 -9999 -9999 -9999 -9999 -9999 -9999 -9999 -9999 -9999 -9999 -9999 -9999 -9999 -9999 -9999 -9999 -9999 -9999 -9999 -9999 -9999 -9999 -9999 -9999 -9999 -9999 -9999 -9999 -9999 -9999 -9999 -9999 -9999 -9999 -9999 -9999 -9999 -9999 -9999 -9999 -9999 -9999 -9999 -9999
-9999 -9999 -9999 -9999 -9999 -9999 -9999 -9999 -9999 -9999 -9999 -9999 -9999 -9999 -9999 -9999 -9999 -9999 -9999 -9999 -9999 -9999 -9999 -9999 -9999 -9999 -9999 -9999 -9999 -9999 -9999 -9999 -9999 -9999 -9999 -9999 -9999 -9999 -9999 -9999 -9999 -9999 -9999 -9999 -9999 -9999 -9999 -9999 -9999 -9999 -9999 -9999 -9999 -9999 -9999 -9999 -9999 -9999 -9999 -9999 -9999 -9999 -9999 -9999 -9999 -9999 -9999 -9999 -9999 -9999 -9999
-9999 -9999 -9999 -9999 -9999 -9999 -9999 -9999 -9999 -9999 -9999 -9999 -9999 -9999 -9999 -9999 -9999 -9999 -9999 -9999 -9999 -9999 -9999 -9999 -9999 -9999 -9999 -9999 -9999 -9999 -9999 -9999 -9999 -9999 -9999 -9999 -9999 -9999 -9999 -9999 -9999 -9999 -9999 -9999 -9999 -9999 -9999 -9999 -9999 -9999 -9999 -9999 -9999 -9999 -9999 -9999 -9999 -9999 -9999 -9999 -9999 -9999 -9999 -9999 -9999 -9999 -9999 -9999 -9999 -9999 -9999
-9999 -9999 -9999 -9999 -9999 -9999 -9999 -9999 -9999 -9999 -9999 -9999 -9999 -9999 -9999 -9999 -9999 -9999 -9999 -9999 -9999 -9999 -9999 -9999 -9999 -9999 -9999 -9999 -9999 -9999 -9999 -9999 -9999 -9999 -9999 -9999 -9999 -9999 -9999 -9999 -9999 -9999 -9999 -9999 -9999 -9999 -9999 -9999 -9999 -9999 -9999 -9999 -9999 -9999 -9999 -9999 -9999 -9999 -9999 -9999 -9999 -9999 -9999 -9999 -9999 -9999 -9999 -9999 -9999 -9999 -9999
-9999 -9999 -9999 -9999 -9999 -9999 -9999 -9999 -9999 -9999 -9999 -9999 -9999 -9999 -9999 -9999 -9999 -9999 -9999 -9999 -9999 -9999 -9999 -9999 -9999 -9999 -9999 -9999 -9999 -9999 -9999 -9999 -9999 -9999 -9999 -9999 -9999 -9999 -9999 -9999 -9999 -9999 -9999 -9999 -9999 -9999 -9999 -9999 -9999 -9999 -9999 -9999 -9999 -9999 -9999 -9999 -9999 -9999 -9999 -9999 -9999 -9999 -9999 -9999 -9999 -9999 -9999 -9999 -9999 -9999 -9999
-9999 -9999 -9999 -9999 -9999 -9999 -9999 -9999 -9999 -9999 -9999 -9999 -9999 -9999 -9999 -9999 -9999 -9999 -9999 -9999 -9999 -9999 -9999 -9999 -9999 -9999 -9999 -9999 -9999 -9999 -9999 -9999 -9999 -9999 -9999 -9999 -9999 -9999 -9999 -9999 -9999 -9999 -9999 -9999 -9999 -9999 -9999 -9999 -9999 -9999 -9999 -9999 -9999 -9999 -9999 -9999 -9999 -9999 -9999 -9999 -9999 -9999 -9999 -9999 -9999 -9999 -9999 -9999 -9999 -9999 -9999
-9999 -9999 -9999 -9999 -9999 -9999 -9999 -9999 -9999 -9999 -9999 -9999 -9999 -9999 -9999 -9999 -9999 -9999 -9999 -9999 -9999 -9999 -9999 -9999 -9999 -9999 -9999 -9999 -9999 -9999 -9999 -9999 -9999 -9999 -9999 -9999 -9999 -9999 -9999 -9999 -9999 -9999 -9999 -9999 -9999 -9999 -9999 -9999 -9999 -9999 -9999 -9999 -9999 -9999 -9999 -9999 -9999 -9999 -9999 -9999 -9999 -9999 -9999 -9999 -9999 -9999 -9999 -9999 -9999 -9999 -9999
-9999 -9999 -9999 -9999 -9999 -9999 -9999 -9999 -9999 -9999 -9999 -9999 -9999 -9999 -9999 -9999 -9999 -9999 -9999 -9999 -9999 -9999 -9999 -9999 -9999 -9999 -9999 -9999 -9999 -9999 -9999 -9999 -9999 -9999 -9999 -9999 -9999 -9999 -9999 -9999 -9999 -9999 -9999 -9999 -9999 -9999 -9999 -9999 -9999 -9999 -9999 -9999 -9999 -9999 -9999 -9999 -9999 -9999 -9999 -9999 -9999 -9999 -9999 -9999 -9999 -9999 -9999 -9999 -9999 -9999 -9999
-9999 -9999 -9999 -9999 -9999 -9999 -9999 -9999 -9999 -9999 -9999 -9999 -9999 -9999 -9999 -9999 -9999 0.04462112 0.04462116 -9999 -9999 0.04462113 0.04462115 0.04462114 0.04462114 0.04462114 0.04462113 0.04462116 0.04462116 0.04462106 0.04462116 0.04462116 0.04462116 -9999 -9999 -9999 -9999 -9999 -9999 -9999 -9999 -9999 -9999 -9999 -9999 -9999 -9999 -9999 -9999 -9999 -9999 -9999 -9999 -9999 -9999 -9999 -9999 0.04760362 0.04760363 -9999 0.04760363 0.04760362 0.04760363 0.04760363 -9999 -9999 -9999 -9999 -9999 -9999 -9999
0 -9999 -9999 0.07952801 -9999 -9999 -9999 -9999 -9999 -9999 -9999 0.04462116 0.04462116 0.04462114 0.04462116 0.04462116 0.04462116 0.04462115 0.04462112 0.04462114 0.04462115 0.04462115 0.04462115 0.04462115 0.04462115 0.04462115 0.04462115 0.04462115 0.04462115 0.0446211 0.04462115 0.04462116 0.04462114 -9999 -9999 -9999 -9999 -9999 -9999 -9999 -9999 -9999 -9999 -9999 -9999 0.04760361 0.04760362 -9999 -9999 -9999 -9999 -9999 -9999 -9999 -9999 -9999 -9999 0.04760362 0.04760362 0.04760362 0.04760362 0.04760363 0.04760363 0.04760363 0.04760362 0.04760361 0.04760363 -9999 -9999 -9999 -9999
-9999 -9999 -9999 -9999 -9999 -9999 -9999 -9999 -9999 -9999 -9999 -9999 -9999 -9999 -9999 -9999 -9999 0.04462116 0.04462116 -9999 -9999 -9999 -9999 -9999 -9999 0.04462115 0.0446211 0.04462116 -9999 -9999 -9999 -9999 -9999 -9999 -9999 -9999 -9999 -9999 -9999 -9999 -9999 -9999 -9999 0.04760362 0.04760363 -9999 -9999 -9999 -9999 -9999 -9999 -9999 -9999 -9999 -9999 -9999 -9999 0.04760362 0.04760363 0.04760362 0.04760362 0.04760363 0.04760362 0.04760363 0.04760363 0.04760363 0.04760363 0.04760363 0.04760362 0.04760363 0.04760362
-9999 -9999 -9999 -9999 -9999 -9999 -9999 -9999 -9999 -9999 -9999 -9999 -9999 -9999 -9999 -9999 -9999 -9999 -9999 -9999 -9999 -9999 -9999 -9999 -9999 -9999 -9999 -9999 -9999 -9999 -9999 -9999 -9999 -9999 -9999 -9999 -9999 -9999 -9999 -9999 -9999 -9999 -9999 -9999 -9999 -9999 -9999 -9999 -9999 -9999 -9999 -9999 -9999 -9999 -9999 -9999 -9999 -9999 -9999 -9999 0.04760362 -9999 0.04760362 0.04760362 0.04760363 0.0476036 0.04760362 0.04760362 0.04760363 0.04760363 0.04760363
-9999 -9999 -9999 -9999 -9999 -9999 -9999 -9999 -9999 -9999 -9999 -9999 -9999 -9999 -9999 -9999 -9999 -9999 -9999 -9999 -9999 -9999 -9999 -9999 -9999 -9999 -9999 -9999 -9999 -9999 -9999 -9999 -9999 -9999 0.04462116 -9999 -9999 -9999 -9999 -9999 -9999 -9999 -9999 -9999 -9999 -9999 -9999 -9999 -9999 0.04760361 -9999 -9999 -9999 -9999 -9999 0.04760363 0.04760362 0.04760361 0.04760363 0.04760362 -9999 -9999 0.04760363 0.04760363 -9999 -9999 0.0476036 0.04760362 0.04760362 0.04760362 0.04760362
-9999 -9999 -9999 -9999 -9999 -9999 -9999 -9999 -9999 -9999 -9999 -9999 -9999 -9999 -9999 -9999 -9999 -9999 -9999 -9999 -9999 -9999 -9999 -9999 -9999 0.04462115 0.04462115 0.04462115 0.04462116 0.04462116 0.04462115 0.04462116 0.04462116 0.04462116 0.04462116 0.04462116 0.04462116 -9999 -9999 -9999 -9999 -9999 -9999 -9999 -9999 -9999 -9999 -9999 -9999 -9999 -9999 -9999 -9999 -9999 -9999 0.04760362 0.04760362 -9999 0.04760362 0.04760354 0.04760362 0.04760361 0.04760362 0.04760362 0.04760363 0.04760362 0.04760363 0.04760363 0.04760363 0.04760363 0.04760362
-9999 -9999 -9999 -9999 -9999 -9999 -9999 -9999 -9999 -9999 -9999 -9999 -9999 -9999 -9999 -9999 -9999 -9999 -9999 -9999 -9999 -9999 0.04462116 0.04462116 0.04462116 0.04462116 0.04462116 0.04462116 0.04462115 0.04462116 0.04462116 0.04462116 0.04462116 0.04462116 -9999 -9999 -9999 -9999 -9999 -9999 -9999 -9999 -9999 -9999 -9999 -9999 -9999 -9999 0.04760362 0.04760362 0.04760362 -9999 -9999 0.04760363 0.04760363 0.04760363 0.04760362 0.04760362 0.04760363 0.04760363 0.04760362 0.04760362 0.04760362 0.04760363 0.04760363 0.04760363 0.04760362 0.04760363 0.04760362 0.04760363 0.04760363
-9999 -9999 -9999 -9999 -9999 -9999 -9999 -9999 -9999 -9999 -9999 -9999 -9999 -9999 -9999 -9999 -9999 -9999 -9999 -9999 -9999 0.04462116 0.04462116 0.04462116 0.04462116 0.04462116 0.04462116 0.04462116 -9999 -9999 -9999 -9999 -9999 -9999 -9999 -9999 -9999 -9999 -9999 -9999 -9999 -9999 -9999 -9999 -9999 -9999 0.04760361 -9999 -9999 0.04760363 0.04760362 0.04760362 0.04760362 0.04760362 0.04760363 0.04760363 0.04760362 0.04760362 0.04760363 0.04760363 0.04760363 0.04760363 0.04760362 0.04760362 0.04760363 0.04760362 0.04760363 0.04760363 0.04760362 0.04760362 0.04760363
-9999 -9999 -9999 -9999 -9999 -9999 -9999 -9999 -9999 -9999 -9999 -9999 -9999 -9999 -9999 -9999 -9999 -9999 -9999 -9999 0.04462116 0.04462116 0.04462116 0.04462116 0.04462116 0.04462116 -9999 -9999 -9999 -9999 -9999 -9999 -9999 -9999 -9999 -9999 0.8014212 0.8014212 0.8014212 -9999 -9999 0.8014212 0.8014212 0.8014212 -9999 0.04760362 0.04760362 0.04760362 0.04760362 0.04760363 0.04760362 0.04760363 0.04760363 0.04760362 0.04760362 0.04760363 0.04760362 0.04760363 0.04760363 0.04760362 0.04760362 0.04760363 0.04760363 0.04760362 0.04760363 0.04760362 0.04760362 0.04760363 0.04760363 0.04760362 0.04760362
-9999 -9999 -9999 -9999 -9999 -9999 -9999 -9999 -9999 -9999 -9999 -9999 -9999 -9999 -9999 -9999 -9999 -9999 0.04462116 0.04462116 0.04462116 0.04462116 0.04462116 0.04462116 -9999 -9999 -9999 -9999 -9999 -9999 -9999 -9999 -9999 -9999 -9999 0.8014212 0.8014212 0.8014212 0.8014212 0.8014212 -9999 0.8014212 0.8014212 0.8014212 0.8014212 0.5263123 0.112129 0.04760363 0.04760362 0.04760363 0.04760362 0.04760362 0.04760363 0.04760363 0.04760363 0.04760363 0.04760362 0.04760363 0.04760362 0.04760362 0.04760362 0.04760363 0.04760363 0.04760362 0.04760362 0.04760363 0.04760362 0.04760362 0.04760362 0.04760363 0.04760363
-9999 -9999 -9999 -9999 -9999 -9999 -9999 -9999 -9999 -9999 -9999 -9999 -9999 -9999 -9999 -9999 -9999 -9999 0.04462116 0.04462116 0.04462116 0.04462116 0.04462116 0.04462116 -9999 -9999 -9999 -9999 -9999 -9999 -9999 -9999 -9999 0.8014212 0.8014212 0.8014212 0.8014212 0.8014212 0.8014212 0.8014212 0.8014212 0.8014212 0.8014212 0.8014212 0.8014212 0.8014212 0.5779991 0.1151216 0.04760363 0.04760362 0.04760363 0.04760362 0.04760363 0.04760363 0.04760362 0.04760362 0.04760363 0.04760363 0.04760362 0.04760362 0.04760362 0.04760362 0.04760363 0.04760362 0.04760362 0.04760363 0.04760363 0.04760363 0.04760362 0.04760362 0.04760362
-9999 -9999 -9999 -9999 -9999 -9999 -9999 -9999 -9999 -9999 -9999 -9999 -9999 -9999 -9999 -9999 -9999 -9999 -9999 0.04462116 0.04462116 0.04462116 0.04462116 0.04462115 0.04462115 0.1380598 0.1380598 0.1380598 -9999 -9999 -9999 -9999 -9999 0.8014212 0.8014212 0.8014212 0.8014212 0.8014212 0.8014212 0.8014212 0.8014213 0.8014213 0.8014212 0.8014212 0.8014212 0.8014212 0.6864849 0.3464994 0.04760362 0.04760362 0.04760362 0.04760363 0.04760362 0.04760362 0.04760362 0.04760363 0.04760363 0.04760363 0.04760363 0.04760363 0.04760362 0.04760362 0.04760363 0.04760363 0.04760362 0.04760363 0.04760362 0.04760362 0.04760363 0.04760363 0.04760362
97.16531 1.941479 1.941478 1.79819 -9999 -9999 -9999 -9999 -9999 -9999 -9999 -9999 -9999 -9999 -9999 0.1380598 0.1380598 0.1380598 -9999 -9999 -9999 -9999 -9999 -9999 -9999 0.1380598 0.1380598 0.1380598 0.1380598 0.1380598 0.1380598 0.2288003 0.7901002 0.8014212 0.8014212 0.8014212 0.8014212 0.8014212 0.8014212 0.8014212 0.8014212 0.8014212 0.8014212 0.8014212 0.8014212 0.7989334 0.487953 0.2838444 0.270663 0.1029878 0.04760363 0.04760363 0.04760363 0.04760362 24.4278 23.87664 0.04760363 0.04760362 0.04760363 0.04760363 0.04760363 0.04727282 0.04054151 0.03532638 0.03054397 0.0284796 0.02646174 0.03027852 0.03265873 0.03702381 0.03888191
77.21616 0.8253806 0.6874578 0.33983 0.2679769 0.2877943 2.876543 -9999 -9999 -9999 0.1380598 0.1380598 0.1380598 0.1380598 -9999 0.1380598 0.1380598 0.1380598 0.1380598 0.1380598 0.1380598 0.1380598 0.1380598 0.1380598 0.1380598 0.1380598 0.1380598 0.1380598 0.1380598 0.1380598 0.1644952 1.425398 1.288755 0.8014212 0.8014212 0.8014212 0.8014212 0.8014212 0.8014212 0.8014212 0.8014212 0.8014212 0.8014212 0.8014212 0.8014212 0.8014212 0.8014212 0.8014212 0.8014212 0.5117591 0.05106496 0.04760363 0.04875594 0.05041072 1.390839 0.04760362 0.04760363 0.04760362 0.04760363 0.04496641 0.03699737 0.02925814 0.02296353 0.02296353 0.02296353 0.02296353 0.02296353 0.02296353 0.02296353 0.02296353 0.02296353
20.3898 5.231719 0.2888344 0.2679769 0.2679769 0.2679769 0.43804 0.3927331 0.3332713 -9999 0.1380598 0.1380598 0.1380598 0.1380598 0.1380598 0.1380598 0.1380598 0.1380598 0.1382193 0.9732807 5.146574 0.1387179 0.1387358 0.1387714 0.1388022 0.1388117 0.1386289 0.1387845 0.3306058 1.779098 4.010489 5.205963 3.841299 1.011265 0.8014213 0.8014212 0.8014212 0.8014212 0.8014212 0.8014212 0.8014212 0.8014212 0.8014212 0.8014212 0.8014212 0.8014212 0.8014212 0.8014212 0.7761415 0.2655145 0.09067816 0.06805722 0.08898615 0.09348594 0.07464582 0.06789117 0.06923229 0.06657264 0.0365066 0.02342006 0.02296353 0.02296353 0.02296353 0.02296353 0.02296353 0.02296353 0.02296353 0.02296353 0.02296353 0.02296353 0.02296353
0.9655673 0.5062921 0.3938088 0.3844167 0.371055 0.34436 0.338472 0.2811788 0.3235806 0.3458073 0.3458073 0.2250532 0.1678071 0.1431821 0.1384567 0.1620724 0.1960216 0.257809 0.3305497 0.3698462 0.7110007 1.781685 1.841281 1.841282 1.841281 1.763564 1.350606 1.350118 1.374075 3.216258 3.296852 1.946846 0.8730929 0.8014212 0.8014213 0.8014212 0.8014212 0.8014212 0.8014212 0.8014212 0.8014213 0.8014212 0.8014212 0.8014212 0.8014212 0.8014212 0.8014212 0.8014212 0.8014212 0.7910117 0.2470597 0.0993235 0.0993235 0.09932349 0.0993235 0.09901583 0.06468858 0.03433317 0.02296353 0.02296353 0.02296353 0.02296353 0.02296353 0.02296353 0.02296353 0.02296353 0.02296353 0.02296353 0.02296353 0.02296353 0.02296353
1.869836 2.329636 1.429241 1.426017 1.426017 -9999 1.426017 1.365574 0.867382 0.5183727 0.4539109 0.3556176 0.3367913 0.3290402 0.3076134 0.3339212 0.3579903 0.3698424 0.3698461 0.4172156 1.124828 1.318925 1.990536 2.131239 2.17778 2.184461 1.625931 1.420899 2.03271 1.727455 0.8014212 0.8014213 0.8014212 0.8014212 0.8014212 0.8014213 0.8014212 0.8014212 0.8014212 0.8014212 0.8014212 0.8014212 0.8014212 0.8014212 0.8014212 0.8014212 0.8014213 0.8014212 0.8014212 0.8014212 0.7226635 0.3059368 0.0993235 0.0993235 0.0993235 0.09223422 0.03678321 0.02296353 0.02296353 0.02296353 0.02296353 0.02296353 0.02296353 0.02296353 0.02296353 0.02296353 0.02296353 0.02296353 0.02296353 0.02296353 0.02296353
2.51111 2.391813 1.816833 1.539594 1.531392 2.760534 61.87424 104.2271 1.552343 1.343683 1.08464 0.8959114 0.5139489 0.4212898 0.4414121 0.427706 0.4941344 0.5762756 0.8696967 4.430193 3.357291 2.207007 2.728046 1.85757 1.474141 1.4464 1.881063 2.91522 2.9433 2.634238 1.649196 1.701474 1.988798 1.915248 1.012407 1.325114 1.678942 1.217179 0.8014212 0.8014212 0.8014212 0.8014212 0.8014212 0.8014212 0.8014212 0.8014212 0.8014212 0.8014212 0.8014212 0.8014212 0.8014213 0.765179 0.6186724 0.09949426 0.0993235 0.09932349 0.08361896 0.06416982 0.04774549 0.02362463 0.02296353 0.02296353 0.02296353 0.02296353 0.02296353 0.02296353 0.02296353 0.02296353 0.02296353 0.02296353 0.02296353
3.912642 4.857924 3.647113 2.04407 1.716369 1.719182 1.85241 2.471276 2.412407 1.66511 1.224294 1.061841 0.9696403 0.9043888 0.6948123 0.6647009 0.6906439 0.9961998 1.112504 4.478361 9.314843 4.689336 2.70857 1.028848 0.6531946 0.625059 1.999237 2.9433 2.9433 2.9433 2.9433 2.9433 2.9433 2.9433 2.9433 2.9433 2.9433 2.799718 1.880257 1.512668 1.387053 0.9800195 0.9939183 0.8350289 0.8014212 0.8014212 0.8014212 0.9208565 0.8194453 0.8014212 0.8014212 0.8014213 0.4131634 0.0993235 0.0993235 0.0993235 0.0993235 0.09932349 0.08756244 0.02671302 0.02296353 0.02296353 0.02296353 0.02296353 0.02296353 0.02296353 0.02296353 0.02296353 0.02296353 0.02296353 0.02296353
6.326592 6.49594 2.863588 2.112987 2.037589 2.111561 2.16203 5.755359 3.764422 1.534973 1.463724 1.134826 0.9537566 1.02458 0.965726 1.14581 3.673944 2.675072 1.180627 1.168527 3.108754 3.826286 0.8836961 0.4086076 0.4086076 0.4086076 1.757656 2.9433 2.9433 2.9433 2.9433 2.9433 2.9433 2.9433 2.9433 2.9433 2.9433 2.9433 2.9433 2.9433 2.9433 2.9433 2.9433 2.922484 2.249342 1.970282 2.147057 2.815548 2.568221 2.371372 1.861753 0.988281 0.1762227 0.0993235 0.0993235 0.0993235 0.0993235 0.07357706 0.03325212 0.02296353 0.02296353 0.02296353 0.02296353 0.02296353 0.02296353 0.02296353 0.02296353 0.02296353 0.02296353 0.02296353 0.02296353
4.413839 71.65191 4.551213 2.170504 2.188434 2.153955 2.66379 3.912582 5.281771 4.430968 3.080189 2.589897 2.694459 16.58874 10.341 1.956374 3.545506 52.46313 2.328963 1.196923 1.244271 1.183303 1.159178 0.8847756 0.8513001 0.9105461 1.288055 1.722311 1.910414 2.521102 2.9433 2.9433 2.9433 2.9433 2.9433 2.9433 2.9433 2.9433 2.9433 2.9433 2.943299 2.9433 2.9433 2.9433 2.9433 2.9433 2.9433 2.9433 2.9433 2.9433 2.907682 2.644829 1.202425 0.1656401 0.1599501 0.1478429 0.1001642 0.08387609 0.02409558 0.05228807 0.0541843 0.05011136 0.02695645 0.02296353 0.02296353 0.02296353 0.02296353 0.02296353 0.02296353 0.02296353 0.02296353
8.096762 5.860967 3.18573 2.663179 2.741942 3.000135 3.627331 3.56675 3.289525 3.713577 2.805253 2.190104 5.530515 6.526904 4.356397 2.822062 1.982177 1.415931 1.313979 3.397993 3.654935 3.636979 1.768278 1.492954 1.521139 1.552138 7.400577 4.972133 2.32077 0.8465965 2.560559 2.9433 2.9433 2.9433 2.943299 2.9433 2.9433 2.9433 2.9433 2.9433 2.9433 2.9433 2.9433 2.663741 8.038312 0.8661518 1.053018 0.9744526 1.222446 0.9820006 0.3671463 0.4381051 0.2720184 0.2720184 0.2720184 0.2720184 0.2564338 0.2325955 0.2097023 0.2424221 0.2505885 0.2491006 0.07105532 0.02296353 0.02296353 0.02296353 0.06970391 0.02325837 0.02296353 0.02296353 0.02296353
7.478993 7.720694 4.874621 4.020007 55.79006 14.04102 63.26408 10.76569 5.230716 3.225844 2.163859 2.500932 3.100419 3.179163 2.767698 3.590615 4.953783 2.391947 3.124859 4.719464 3.703752 3.867517 3.722386 49.88316 6.713125 7.122416 5.465119 21.26279 8.487666 0.6174395 0.6127594 1.980574 2.742718 2.9433 2.715041 1.801559 0.6170756 0.703192 1.098251 2.253248 2.94293 2.943299 2.680912 1.18844 0.2758196 0.2815738 0.2785712 0.2594947 0.2625937 0.3020286 0.7080836 0.4345425 0.3845139 0.3892195 0.3445662 0.2959385 0.2720184 0.2720184 0.2633613 0.2513317 0.2506033 0.4386272 0.5962378 0.5352939 0.6387144 0.7453759 0.8814833 0.5961371 0.502636 0.2974848 0.07262255
12.66623 10.76035 6.663785 6.027571 6.983471 8.250574 10.42876 8.493907 11.25218 6.852287 3.717981 6.178152 9.551132 4.039515 4.179467 11.93788 103.8726 24.5111 7.547122 24.42801 7.84532 10.96546 23.31388 42.75336 22.5927 11.64917 31.07477 14.36697 6.054492 3.696162 2.435966 1.580306 4.778415 2.165122 1.449542 17.50426 0.7643396 1.006601 0.6487042 0.425668 0.9737571 1.830784 0.9877061 0.2558551 0.268055 0.2824497 0.2952164 0.397759 1.271889 2.111643 2.376697 0.525351 0.4299749 0.6996456 0.6096989 0.3068857 0.2720184 0.2720184 0.2720184 14.11063 1.198805 0.9269399 0.9436523 0.9553279 0.9553278 0.9058415 0.7671148 0.7017035 0.6590623 8.576114 0.5399785
