data/gpw_v4_population_density_rev11_2010_1_deg.asc
ncols         360
nrows         180
xllcorner     -180
yllcorner     -90
cellsize      1
NODATA_value  -9999
[rows 32 to 63 of 180, columns 213 to 283 of 360]
10.25215 23.48106 14.03971 8.736685 14.82685 43.27328 111.6609 82.95123 47.7937 25.16506 6.004095 6.78629 9.193151 10.85238 7.592238 9.792818 9.543639 5.46225 5.670629 10.86988 21.88396 15.71665 81.28596 92.16893 15.16199 18.93864 57.79702 39.16538 35.47797 14.25389 11.51164 6.875319 104.718 5.926905 3.062187 1.692856 1.596576 1.774975 1.577062 1.387851 2.475249 2.983886 2.086599 0.4862137 0.4296106 0.4298463 0.7408774 0.6234548 1.101236 1.396541 2.331366 3.500076 4.933736 1.376433 0.9354385 0.6160815 0.7975166 0.7979467 0.9561478 1.752813 2.08645 1.318339 1.413542 1.583269 1.643507 2.386877 1.351947 1.032072 0.5225536 7.925941 2.039797
5.023191 15.98436 67.89566 51.37642 121.9332 82.72541 29.06642 92.93817 69.98566 24.38365 248.9846 69.33501 10.88388 15.31918 139.0143 30.17791 20.98658 20.66659 18.2858 26.9498 128.1598 46.47552 14.46215 13.13594 14.66014 10.5296 25.65946 253.3598 51.74941 21.72277 20.40668 6.974033 11.14708 15.48561 6.009697 5.602029 14.35903 3.989361 2.772189 2.372456 2.971569 4.612002 3.128006 1.819438 1.803733 0.9722082 1.009048 0.8142266 0.9012552 1.251938 4.395838 55.61362 62.66118 13.89253 6.629821 5.723878 5.498383 26.37036 3.413835 74.43545 47.07819 15.19651 19.05031 4.239658 3.889943 2.474195 1.424523 1.647727 42.72613 1.952135 2.452785
13.57086 14.70306 20.57124 104.6409 2028.457 250.5348 53.26394 24.9143 21.574 42.76657 39.28226 21.60216 16.56113 27.20105 44.2722 72.83705 198.3098 24.60239 63.80783 111.0866 19.19686 22.46678 22.25457 12.75985 12.76247 14.29839 30.91617 47.08241 208.2106 9.635875 7.990665 10.04944 58.45177 5.638533 5.011573 8.423695 16.91544 4.452494 6.782089 8.430733 70.82764 7.869562 5.943683 4.717743 6.229932 7.204521 3.07095 2.353453 4.002847 92.46357 34.27249 21.45488 31.82368 71.84602 3.791717 4.852004 12.52072 7.205469 3.097217 58.52681 8.300909 7.485118 2.686134 3.469825 2.892118 2.03575 1.415107 1.809588 2.055386 1.954221 1.133287
16.92182 12.40637 19.09427 71.6311 137.5557 60.91203 98.65619 14.0728 18.89855 13.68411 28.06535 20.37385 66.19849 20.36777 17.87469 138.4659 30.5718 19.0979 20.81369 42.0233 48.524 28.73639 66.73921 127.0193 13.87991 18.89322 28.46339 21.95574 48.56377 7.259859 5.136255 6.709508 4.528797 3.771988 4.446511 13.45354 13.20238 4.616015 9.308361 10.64537 118.8235 10.94405 5.745902 3.933829 5.953463 5.363959 4.258033 4.476505 6.557848 68.75002 98.25298 7.668744 18.90363 50.59877 4.790736 5.805319 4.638017 4.347589 4.26583 2.185304 2.089432 1.925853 1.62403 1.460771 1.696986 1.502633 1.500467 8.282161 3.016031 7.402261 0.8124776
18.95753 89.81806 13.64345 27.00908 29.1941 42.97647 22.43548 17.57447 17.34906 13.21671 17.47457 47.34211 69.97158 27.36941 14.20685 44.62374 180.4861 169.9719 22.09972 19.6972 10.84214 12.64662 68.17519 26.97842 7.590183 32.90965 44.00449 10.29288 5.9791 8.706965 34.80666 9.131052 3.596903 3.30573 4.459267 7.264422 15.78648 7.640631 2.336532 1.842438 2.960228 4.025636 2.588586 3.066402 5.307859 8.711069 6.758615 5.097053 11.78439 9.024659 114.878 14.41608 6.013488 44.00884 91.74556 10.89024 5.223917 5.229165 57.41845 3.092946 1.652047 1.593357 1.16772 0.7675394 0.8016198 1.210019 1.433708 2.079467 2.879796 9.110183 14.52852
20.22333 15.24023 29.35862 52.21247 21.13329 34.14035 97.42065 32.60263 68.94764 16.09552 17.93002 17.23444 13.80145 13.99855 21.04863 17.74947 20.13157 12.97203 8.650537 19.52081 10.70904 7.433045 19.59884 10.64821 4.692518 17.78319 5.053049 6.688446 4.216672 7.141334 15.86497 4.963616 2.273635 3.395048 3.385672 4.634093 11.58555 6.85273 2.251645 2.039246 1.745893 4.5281 4.456383 18.59523 33.41273 10.37603 7.872024 7.308666 8.139026 10.86067 6.590964 17.98868 30.73391 3.965632 2.823355 3.369115 1.490326 5.357002 5.863421 1.576812 1.242552 1.609951 0.8463427 0.1399702 0.1399702 0.2079723 0.2039928 0.4029043 1.560482 3.688693 51.86358
49.80688 23.93025 29.69075 76.68233 42.13044 37.91323 165.0872 20.71617 17.97906 27.11538 18.63167 10.75516 103.5795 76.32538 27.11687 13.56881 7.368719 15.92993 18.03912 10.58177 7.259224 10.63978 82.83192 7.474798 11.03724 54.08184 8.38372 4.869382 3.208143 1.310104 1.79164 1.148901 1.983213 2.149737 2.014715 4.084991 3.69752 21.46499 42.86501 7.059146 2.487798 6.925582 5.373501 4.312049 5.017391 2.050473 3.830201 4.951047 28.07696 6.334418 3.481794 4.629507 12.06246 5.293995 1.024583 0.7949687 1.255437 3.444309 2.195749 2.634295 2.556424 17.00289 0.8185127 0.3996479 0.3742304 0.3647135 0.4171138 0.5865061 0.8520901 1.875894 7.779266
32.42195 69.9484 33.09013 189.6703 31.30923 27.21787 30.14095 23.77639 14.2277 13.42098 16.85099 10.1938 30.09702 8.656761 6.203715 6.000741 3.583649 6.109698 4.57771 2.405592 2.852534 3.190285 2.771694 9.465511 49.5419 3.334187 3.322765 1.451574 0.9271986 0.6519269 0.4784373 0.5933679 0.7608562 2.00518 2.168022 2.116274 1.116355 9.500956 31.41364 9.155336 17.22028 27.55643 2.316308 1.18394 1.575745 2.731456 7.447146 8.950982 12.65179 11.66393 11.0814 4.180782 1.432055 1.288663 0.9043833 0.6869195 1.0006 1.34007 1.926015 3.43166 1.337935 1.255769 0.9526457 0.5630255 0.1988617 0.5214646 0.6498526 0.8346311 0.3808968 1.034158 1.626546
74.89449 67.85432 33.47266 148.9782 34.95014 27.5668 19.67381 16.092 8.843244 6.396817 11.35138 8.855889 9.428561 3.912695 1.926665 1.960155 1.593947 1.276892 1.55951 1.63373 1.652005 1.666403 2.018183 3.1411 2.991544 2.450439 1.55128 0.5932167 0.5295154 0.4952646 0.4096197 0.4382909 0.7285812 1.590021 1.64716 0.5943721 0.5484693 0.5687004 2.487478 18.727 28.25244 12.5619 1.481512 2.244684 9.923586 7.83842 2.707748 2.47152 6.707939 24.5962 11.68176 4.943393 2.252217 1.750477 0.9113361 1.083424 2.030642 1.035633 2.258519 0.8249422 0.606868 0.6294294 0.9438965 0.6166412 0.5671892 0.7544143 1.030902 5.723604 1.453216 0.9021575 0.5720614
62.34504 123.725 129.3581 35.82117 197.9924 236.5279 138.1695 40.79227 14.38465 8.671106 12.5048 190.8011 9.133512 8.510904 1.62371 1.10649 1.116544 1.626956 2.283234 1.900999 1.292397 1.278788 0.7080002 1.071367 2.120095 1.555953 0.9723 0.5308014 0.4137254 0.361978 0.3860763 0.9743264 1.263345 1.349601 1.351148 1.311834 0.9778967 0.7567629 0.7915673 0.6958035 0.6799384 1.423755 1.878744 1.899898 3.576229 2.57282 1.071535 1.580045 1.95851 2.335773 1.955523 1.500431 2.233597 6.881219 1.931374 3.76885 4.003297 1.254674 1.995275 0.5991263 0.3385661 0.3900134 0.5125654 0.4546824 0.6938107 1.320524 1.329705 1.2896 1.376288 1.143578 2.155223
95.62569 68.15305 132.9711 23.96601 183.3697 101.0514 212.207 83.96928 19.79187 34.57122 7.388664 3.042529 2.411971 4.931591 4.933236 3.982533 2.410377 1.963779 6.577973 15.64577 3.506902 2.277004 0.43795 0.358046 0.5203581 0.7875742 0.7282014 0.7976205 1.384624 0.8038346 0.8597735 1.315066 1.351148 1.351148 1.351148 1.347697 0.9235262 0.7916533 0.7516756 0.6829901 0.8651 1.5044 2.115448 2.11016 1.725726 1.706851 1.606813 2.596199 2.533775 2.378602 2.620453 3.003422 5.339571 8.579613 20.39463 9.991387 3.045199 1.614394 3.32695 0.7541745 0.4356546 0.3215352 0.3706056 2.458465 0.4215842 0.5182719 0.6963164 0.947644 3.516868 1.999025 1.607572
44.56057 24.04935 61.5696 72.21547 53.91156 47.90617 35.52701 23.4085 21.92259 10.9938 5.045753 15.03929 1.362943 2.864707 30.54166 58.1716 3.552472 1.871321 78.26085 71.81374 2.585972 2.296002 1.540655 0.7053572 0.4124324 0.7215498 1.083367 1.603643 1.67205 1.862027 2.551823 1.551539 1.313334 1.338588 1.349332 1.25291 0.7948388 0.7916534 0.7169104 0.6799384 1.121408 1.85814 1.265373 1.89059 2.185146 2.853926 2.693272 2.562385 3.159103 14.95115 30.95707 5.418453 3.657456 2.194356 4.055562 2.65826 4.248086 6.098529 0.9108205 0.5560265 0.532558 0.4090209 0.8527436 1.772642 0.4535826 0.4528593 0.7003496 4.169132 1.684577 4.961866 1.3228
65.87028 51.78927 71.23118 107.8043 80.02832 96.22338 107.6002 61.74662 66.92273 35.74907 14.69066 6.366126 2.499919 2.937826 10.23292 17.74053 17.07525 2.357867 2.295628 0.7256322 1.385727 1.409118 1.411218 2.283915 4.452881 5.477062 4.103809 1.670758 1.798659 1.976054 2.93098 2.004914 9.930882 1.535908 1.556406 1.296126 1.275124 1.281451 1.005002 0.6655259 0.6746284 0.8685792 0.8693751 1.624248 2.383924 9.250575 3.358398 2.891021 7.378191 5.254567 5.775695 33.41705 10.28055 1.160204 0.03452465 0.1695719 0.3096537 0.9205883 0.7511007 0.2278032 0.2471681 0.2432052 0.3621009 0.3613233 0.3758371 0.4635604 0.4038182 0.4793217 0.7737793 0.5420694 0.6503547
213.8206 213.5219 67.44856 -9999 221.4815 63.71338 59.13036 44.86267 71.71708 69.114 71.99056 23.53637 9.904403 7.195503 15.78487 -9999 2.357867 2.357827 1.244299 0.67905 0.6757115 1.191406 1.013981 11.17552 11.17552 11.17552 11.17552 6.095993 2.336296 2.264865 2.306642 1.466751 19.29044 2.463267 2.576606 1.310106 1.296158 1.850429 1.354775 0.6649991 0.8165983 4.51008 5.432424 15.57254 9.709102 12.91691 14.22428 34.78038 26.97075 30.77839 5.354367 49.11211 53.86291 80.37711 73.11217 10.42345 13.88062 1.751504 0.5706971 0.1685862 0.2794176 0.1018071 0.09241941 0.1720474 0.08446596 0.1430952 0.2314393 0.3762616 0.374872 0.4549168 0.288913
-9999 -9999 -9999 -9999 -9999 -9999 111.4317 39.28325 21.08849 36.77404 79.24905 92.39731 101.6495 93.34402 120.4983 -9999 -9999 2.357867 42.97136 1.550072 1.864689 2.213533 1.883171 11.17552 11.17552 11.17552 11.17552 11.17552 9.846379 5.951465 5.742859 5.508693 4.397434 3.024323 7.101401 31.45429 4.261198 10.26658 30.62786 8.905827 8.96768 18.93566 8.898013 176.1313 52.87361 20.47471 8.121786 15.81303 119.5688 40.84838 26.53111 2.739415 1.942347 6.653203 341.5313 7.259614 23.77018 9.876912 2.607323 9.858893 9.373061 2.549747 0.4669977 0.1403448 0.09010583 0.1276899 0.1369688 0.1716326 0.1706261 0.1884802 0.1920988
26.42557 117.1027 120.7336 -9999 -9999 -9999 -9999 152.8123 64.57312 63.79548 28.41579 46.38071 24.87569 37.43603 112.5811 344.6215 -9999 -9999 2.299151 2.381138 2.833529 2.912263 2.301529 11.17546 12.32775 17.73853 14.98335 11.21369 10.98227 7.9398 7.728597 7.728597 7.616609 3.673067 4.534344 7.750094 118.5336 43.27618 33.5944 15.73634 13.55417 140.9267 25.47583 22.18183 14.26177 18.19209 8.121426 8.996936 7.030066 2.691975 1.265646 2.169951 4.011617 32.92469 4.184466 10.19606 32.37002 8.885722 0 1.619372 34.0225 1.757225 0.3950594 0.06041225 0.1747226 0.4337076 0.09037298 0.333516 0.4639794 0.4696275 0.1466693
25.99502 29.16158 57.94853 245.9995 186.4201 151.6178 259.2489 171.1634 85.63049 30.0106 27.57387 171.8548 68.84977 46.66084 35.47258 78.7914 48.44146 -9999 -9999 4.895283 5.543051 5.485338 3.558266 12.04229 21.7331 22.0813 22.05936 109.8357 45.49174 19.06878 7.886878 7.728596 7.728596 10.47573 16.68086 36.3928 351.5047 134.7226 93.67558 58.76208 33.71719 6.254541 8.778834 6.185985 5.481232 5.434315 24.18895 65.19829 17.11431 76.7794 20.93363 10.04987 8.792807 63.86544 2.100214 0.2395427 1.684445 0 0 0 0.02782582 0.9758227 0.6937847 0.2133424 0.05727126 0.00236007 0.1967333 0.4533874 0.4419425 0.8015567 0.08347405
33.28982 43.15279 51.8953 65.05466 69.03283 50.21207 74.50309 41.95434 28.48136 22.36037 51.44611 209.4579 61.50953 106.5537 91.69981 52.11236 406.2437 518.5907 -9999 5.543051 5.543051 5.543052 5.543052 7.349157 20.83304 20.40079 21.98692 17.43827 15.91837 62.95691 38.43491 33.4397 18.01873 102.1468 59.84975 134.0395 179.0068 218.9766 334.1207 315.2176 64.17053 9.819647 2.14788 3.414817 1.357628 4.770925 11.23444 41.39969 15.63529 2.436674 0.45341 0.09730659 0.06030324 0.52884 0.7104836 0.2492341 0.2769609 0 0 0 0.1866632 13.18579 9.348502 9.274655 6.918969 7.760829 3.750242 0.1745792 0.01070736 0.0822695 0.1492229
91.0926 32.58281 36.83273 36.47505 21.38387 6.333322 25.2205 18.92507 43.49307 37.03653 59.49852 56.81261 46.34689 49.52147 66.00789 96.05993 68.74422 -9999 -9999 5.543051 5.543052 5.543052 5.543052 6.158638 10.87281 10.87341 11.12931 15.35598 16.65195 18.44244 32.43054 43.84201 120.7615 155.5002 103.4893 43.47361 37.51796 20.97837 15.12973 13.17965 7.371679 6.145076 84.15395 120.59 35.81805 22.1525 6.98058 0 0 0 0 0 0 0.006580097 0.3594433 0.8768867 0.2492157 0.1238546 0.0001459887 0.1943363 0.6367279 5.727242 1.059509 0.8688487 7.095081 71.06896 20.18283 21.4863 0.958838 1.102918 3.291364
39.53009 66.17246 116.2112 21.05889 27.4731 81.24957 70.11552 67.79897 52.50005 45.01074 78.42165 60.38115 73.22752 130.0184 43.39805 144.8411 129.5106 -9999 -9999 -9999 5.543051 5.543051 7.144429 14.38116 14.56685 10.8734 10.8734 14.65575 19.39551 17.31271 15.8258 27.00294 64.55806 88.16003 103.8016 216.3347 76.59086 25.28565 7.168651 2.569967 0.4291733 0.9890257 5.769747 28.35748 118.2826 0.1087429 0 2.888206 1.566243 0.04216365 0.04633267 0.0004678993 4.808455 0.4789576 0.5639624 1.313017 0.1325776 0.2849526 1.089948 0.3110065 0.04056888 0.2689509 0.3549766 0.007557376 0.1756322 0.3944965 3.480715 73.08113 27.72869 65.09175 17.80985
35.9647 64.44954 84.05315 108.8482 152.1078 103.2939 94.78004 91.3148 113.3491 97.46481 49.78535 101.3375 125.4824 126.0488 32.88691 50.77095 306.9945 254.9908 -9999 -9999 7.259157 34.57404 56.22182 16.29846 41.61182 134.8803 12.99612 11.63702 18.95147 19.4654 17.39471 17.34189 17.77329 48.89252 85.09988 142.1129 122.8979 46.71857 11.66053 5.383976 0.766142 1.221406 2.957521 7.515081 38.27428 22.5701 95.79112 28.26111 4.480233 1.926568 0.5580677 0.6301195 0.3299555 0.2078791 0.008107137 0.0007931403 0.00562927 0.1311272 1.012074 0.5478211 0.06168976 0.07127402 0.5968255 0.6925045 6.677337 2.995136 3.404613 5.476419 30.18507 96.33393 39.95094
33.29971 263.7798 408.7723 210.6932 432.989 97.78138 50.5145 62.41887 59.36998 162.8179 119.7674 134.4 74.04267 58.47875 26.16506 48.96138 72.19554 106.4062 139.5684 210.9096 106.0173 80.14194 15.21341 10.59832 26.57 45.21073 188.3567 65.24456 16.78316 19.4654 19.1803 28.05894 42.87307 76.02671 71.54051 88.99358 81.60907 33.11739 18.0576 19.06162 12.42867 14.1817 7.195201 0.5330059 0.3062241 1.131811 9.016995 8.662619 23.32408 2.561184 0.3016552 0.1131032 0.003799251 0 0 0 0 0 0.07183477 0.1266883 0.1049934 18.22518 1.965547 0.4452758 4.372319 3.55812 3.005662 14.27732 246.4134 109.6014 299.7291
152.4097 97.44875 646.2254 277.1088 42.6649 32.83135 43.3978 37.04273 14.52459 34.11609 99.97137 126.1265 131.3417 72.77834 41.95466 43.89286 40.33396 224.5135 1167.108 31.77437 11.985 6.063459 4.614456 6.481004 16.3309 44.65011 70.48605 69.05053 18.7709 23.56346 21.56017 43.1459 26.12084 27.98026 19.16358 37.14318 76.74153 13.30732 62.4668 205.3465 48.04843 24.18381 15.44468 12.40802 1.986754 0.128456 0.1725295 0.08013989 0.4309184 0.1082821 0 0 0 0 0 0 0 0 0 0.01131856 0.1894544 0.9168811 0.13676 0.7107617 0.8737266 0.9445807 4.088158 15.43168 14.24522 67.50692 228.7454
165.3887 139.7905 588.7776 259.1988 14.93142 3.405927 7.611057 43.90575 17.03156 17.74875 51.41967 51.40704 44.5372 77.32996 87.93042 119.572 70.53709 76.36038 70.58703 9.345798 7.298405 4.960828 3.793082 2.795955 4.928772 12.40304 13.51791 19.68995 19.23918 92.44726 25.367 11.11123 16.73078 25.60787 29.21181 69.43491 408.3223 164.8545 618.9374 603.6391 337.8692 318.0935 83.99479 12.86657 2.299069 1.504884 0.1007838 0.1291444 0.003248788 0 0 0 0 0 0 0 0 0 0 0.1453121 0.1662044 0.5270666 2.216124 0.7824154 0.4414645 0.409222 1.847932 5.954338 5.805951 13.48251 45.78576
-9999 -9999 684.56 444.7115 4.334261 0.8314948 1.230896 2.090441 3.952924 25.31234 103.6414 753.2076 23.0004 39.94596 50.26257 88.29996 53.83096 47.01036 44.54575 4.973679 1.989928 1.827372 1.701584 1.247364 3.446341 6.64684 10.25409 8.268279 10.37167 15.32941 11.84527 17.12205 21.32363 25.4863 41.42997 92.52174 101.974 165.6031 409.3924 511.9165 566.2718 315.0878 213.2151 14.56296 2.952656 2.868614 0.6697897 0.2064233 0.07307246 0.007626631 0.1351348 0.2285543 0.143357 0.1852003 0.08320077 0.0441651 0.007340483 0.04680676 0.09263775 0.06379114 0.1685289 0.4543829 3.520913 6.446191 5.737332 2.084768 3.209264 3.906934 4.570693 7.101336 7.176509
-9999 2125.717 517.1993 207.2274 3.503025 0.5350112 0.6000042 0.3145443 0.3103975 2.903947 74.29754 263.6375 91.02094 45.35269 33.89233 64.05229 35.27691 57.03776 144.8978 115.969 11.06391 24.09522 3.228832 1.630874 1.342243 10.37807 7.671587 5.691709 9.100346 19.89985 6.017154 18.23832 28.47958 19.16512 27.18161 15.62137 62.97563 215.777 226.4593 345.8053 575.2366 1033.647 383.1992 117.5314 17.91467 2.195964 1.348675 0.9778652 0.440069 0.3054599 0.5753105 0.4617115 0.2978882 0.2073924 0.6149517 0.4415578 0.2282376 0.6026986 2.061058 2.119866 3.38239 1.306998 4.45488 8.536431 4.347429 5.525697 4.656467 6.756848 7.128732 5.485988 9.636868
121.3905 500.273 439.182 52.2507 8.083739 2.986594 3.180081 4.304952 1.235803 0.3105467 17.52062 82.4613 133.2314 115.1528 71.54973 126.8417 64.74004 48.21112 32.42343 66.78603 12.60057 41.60555 8.901168 4.677751 5.068849 11.43059 2.929046 6.324471 15.91511 3.428727 12.90878 33.49953 71.56479 16.66633 19.47012 8.316691 27.45197 138.3258 169.8214 519.7571 996.5594 1365.422 676.595 365.6881 129.5338 15.60694 2.883504 0.4044548 0.326504 0.3470969 0.5648338 0.5096581 0.8162919 0.5978036 0.7244231 0.9132815 1.335391 1.67928 5.276415 7.184458 6.090895 5.566895 6.388566 8.016706 9.967525 9.345576 7.076003 9.754503 5.575012 13.5493 76.32273
4.092285 5.673741 22.87732 0.4361835 3.492261 6.610192 4.272032 5.0995 5.288153 5.277936 21.7023 5.376572 10.35565 47.27846 185.5814 81.72891 50.87247 40.71326 33.73012 31.40658 12.183 5.534067 20.53906 24.45246 13.03015 15.8267 12.92202 18.41793 17.43865 3.450417 2.892 5.393332 5.081519 97.9897 56.8688 25.62696 29.26216 188.3532 612.9376 635.699 611.9728 428.1052 537.4797 736.6816 419.0253 236.8652 64.36613 11.84362 1.488818 0.3727014 0.8107274 0.2907844 0.5105649 0.7364692 0.9212908 0.9872999 1.12723 3.20668 5.92729 2.826234 2.345595 3.32497 4.48424 3.839409 5.285412 6.341547 3.23784 7.669748 11.46501 36.1713 662.4008
1.937466 2.711651 14.25275 5.763069 8.786329 3.36221 1.855962 3.484373 5.059179 3.119366 3.130392 0.7509663 0.3229953 11.65328 124.1262 435.8613 9.037355 54.47678 55.80885 169.6635 37.97573 10.70675 17.67352 14.5997 20.22968 22.58243 17.51554 18.33339 5.025393 1.317952 2.848826 3.16037 9.560193 36.41239 29.38667 16.62136 23.78415 318.5527 510.8929 290.4152 235.0288 214.7779 347.2694 545.0997 982.8401 598.6205 248.0375 125.5535 76.66111 13.22035 1.223194 0.972259 1.081593 1.971922 6.16303 14.02149 14.94458 12.1819 47.04686 4.9536 2.532741 6.556115 2.312103 1.511792 3.610277 5.523643 5.011158 5.397989 5.646946 80.91942 323.8437
4.258716 9.378979 8.359906 10.1696 7.062283 4.629453 3.831576 6.366816 6.684267 2.595151 1.875241 3.954992 5.659052 6.772658 25.47331 39.73909 -9999 184.939 25.34432 18.99228 29.59615 22.55495 15.46181 10.80777 25.58457 19.43545 11.88193 11.96985 9.980512 3.367184 2.751586 6.643874 8.44169 21.25466 47.99984 189.3042 190.8169 328.74 30.41039 40.88074 88.55288 122.948 270.3329 712.0876 2605.615 932.4871 863.3746 334.4126 244.6634 121.9505 128.8746 78.71809 10.12583 2.77377 5.503327 3.692287 7.422548 4.296329 4.106928 4.762954 3.839374 12.66644 11.16059 3.874994 1.39312 3.973445 8.010383 5.351057 13.63223 103.0517 103.7456
21.96296 42.24727 4.950849 6.87232 5.080084 0.9879448 1.856182 7.207404 7.238751 2.969627 6.634552 9.088108 6.574528 5.436982 2.969779 4.679542 47.77451 6.820159 22.82428 49.15509 19.6806 15.06787 25.44553 48.53193 27.99949 10.53148 7.020477 10.86954 10.03989 12.15861 5.162853 5.098615 5.959227 14.88508 168.8112 462.4343 110.4013 29.053 28.32326 57.32895 141.0838 203.2942 384.872 433.0728 734.3431 965.6479 736.1117 733.2113 683.3264 563.6295 593.8182 340.9786 404.0524 97.51327 71.90221 144.4654 21.99448 7.542971 17.44196 13.705 51.97947 188.8972 250.3306 15.71642 5.118273 8.968729 30.20223 29.0362 41.31897 140.8989 198.7585
6.087643 8.10489 4.493721 3.791679 2.503245 2.120612 2.574956 5.273991 4.296169 9.252536 21.75842 16.4147 5.31902 2.940173 1.119192 3.040438 162.7497 1294.69 14.54303 -9999 17.31523 16.93532 37.75445 42.34205 19.7429 5.626328 9.767419 11.67122 14.64676 17.05069 18.12729 13.77827 6.415053 12.88494 133.2297 267.9948 30.29149 16.50736 34.5395 144.5364 206.5369 254.9195 465.0498 310.7045 356.8225 463.0886 531.842 1120.993 835.3822 929.0314 1163.555 1246.574 1335.489 790.7769 621.902 683.7647 546.8763 393.9116 525.4956 501.3467 199.6219 242.5075 30.18962 6.158315 5.480371 13.36362 52.4241 101.0245 121.6003 103.0248 148.3166
