data/gpw_v4_population_density_rev11_2005_1_deg.asc
ncols         360
nrows         180
xllcorner     -180
yllcorner     -90
cellsize      1
NODATA_value  -9999
[rows 32 to 63 of 180, columns 213 to 283 of 360]
10.81263 24.74119 14.79316 9.205545 15.60039 45.27192 116.7984 87.64769 50.41487 26.45759 6.295767 7.083512 9.560097 11.30857 8.071406 10.41689 10.1568 5.866247 5.907092 11.08692 22.32094 16.21611 84.79089 96.14311 15.814 19.54067 59.36834 40.23016 36.4425 14.64141 11.8246 7.015308 102.237 5.783365 2.987861 1.651766 1.557823 1.767151 1.615174 1.431971 2.553943 3.07875 2.151091 0.4898897 0.4305953 0.4302558 0.7402928 0.6229506 1.100346 1.395412 2.32948 3.497245 4.929746 1.37532 0.934682 0.6195338 0.8192027 0.8220384 0.985016 1.805734 2.149445 1.358143 1.45622 1.631071 1.700752 2.478082 1.403827 1.070333 0.5428318 8.234328 2.119163
5.291848 16.84074 70.97845 50.90653 117.3124 81.60767 30.12677 96.57947 72.97951 25.37366 258.9057 72.09592 11.30995 15.77432 143.1998 30.96171 21.26255 21.07652 19.15643 27.41669 130.6979 47.40361 14.81592 13.59676 15.07111 10.78071 26.34482 260.2009 53.14147 22.49079 21.67222 7.365082 11.01695 15.12133 5.863827 5.466054 14.0105 3.904882 2.821856 2.447882 3.066042 4.758629 3.22383 1.840862 1.814851 0.9782007 1.014875 0.8172688 0.9044371 1.257391 4.393983 55.58625 62.90133 14.26514 6.799926 5.895344 5.664483 27.16653 3.516906 76.68282 48.49958 15.65533 19.62548 4.367664 4.017181 2.570463 1.479949 1.711838 44.38855 2.02809 2.54822
14.1241 15.29573 20.11754 101.9383 1909.968 239.9352 51.6035 25.6626 22.33254 44.39023 40.84648 22.46236 17.21902 28.05755 45.60949 73.16302 198.0733 24.57305 63.73759 110.9577 19.22496 22.57348 22.36386 12.82252 12.92538 14.45198 31.59212 48.15125 212.9375 10.14623 8.574168 10.78328 62.72009 6.043874 5.308965 8.651526 17.03401 4.61309 6.998601 8.698766 73.07941 8.119755 6.028518 4.746822 6.268332 7.248928 3.089879 2.367959 4.027519 93.03349 34.47799 21.93608 32.79385 74.03632 3.907311 4.994365 12.89663 7.421696 3.190729 60.29387 8.551531 7.71111 2.767235 3.579358 3.004647 2.114958 1.470167 1.879996 2.135359 2.030257 1.177381
17.5724 12.68364 19.45593 73.2123 141.2212 61.33187 102.042 14.62865 19.645 14.22863 29.18452 21.18702 68.84411 21.13468 18.40191 144.0608 31.71277 19.16821 20.83238 42.05266 48.68758 28.8775 67.06696 127.6431 14.0352 19.22283 28.9651 22.45416 49.68196 7.549263 5.539737 7.262816 4.927277 4.321795 5.179303 14.27179 13.97664 5.347165 9.731869 11.03664 122.6044 11.29198 5.922898 4.066129 5.990159 5.397021 4.284279 4.540003 6.610189 69.17379 98.89158 7.767315 19.49423 52.14137 4.936786 5.97542 4.72132 4.420199 4.383088 2.251283 2.152517 1.983999 1.674042 1.513744 1.763013 1.561098 1.558848 8.604408 3.13338 7.690273 0.8440901
19.85565 93.94475 14.18725 28.47667 30.61731 44.9359 23.13549 18.32504 18.16825 13.7056 18.0102 48.80171 72.07154 28.27444 14.81528 45.07866 181.3985 170.773 22.20354 20.30124 11.24488 12.7984 68.51014 27.11091 7.627457 33.48288 45.00177 10.53014 6.536023 9.347124 35.21694 9.584829 4.023463 3.811615 5.180646 7.867942 15.92502 8.271301 2.777671 2.182399 3.29653 4.460117 3.083647 3.616714 5.658618 8.970005 7.015525 5.340045 12.32639 9.362033 120.3617 15.10506 6.300889 45.38663 94.54266 11.21809 5.316823 5.312674 58.51815 3.186328 1.701926 1.640749 1.200787 0.7904322 0.8298782 1.256144 1.488708 2.159465 2.991845 9.464648 15.0938
21.42471 16.00499 31.0657 55.20892 22.25912 34.85918 99.47636 33.96303 72.3102 16.86932 18.52501 17.77642 14.2556 14.47622 21.84048 18.25659 20.31505 13.03703 8.801147 20.38742 11.18496 7.763377 19.93011 10.81003 4.715561 17.9297 5.199853 6.90156 4.677525 7.638916 16.26591 5.319512 2.570683 3.786553 3.806999 5.156768 11.93258 7.397762 2.57208 2.346744 2.034623 4.812651 4.74332 18.56921 32.9764 11.08804 8.250516 7.657967 8.528011 11.37973 6.905964 18.84841 32.18649 4.118483 2.885453 3.461845 1.517863 5.449286 5.994063 1.624419 1.270239 1.60666 0.8421794 0.1392817 0.1392817 0.207399 0.2053686 0.4123353 1.617635 3.831182 53.88153
52.70058 25.38878 31.3507 80.98556 42.39647 38.11363 167.0058 20.98336 18.37645 27.76531 19.28569 11.1104 107.294 79.06561 28.09042 14.05596 7.645638 15.52963 17.53378 10.45299 7.41666 11.11823 86.51305 7.771532 11.4395 56.44038 8.756301 5.110236 3.453692 1.563113 1.990278 1.30459 2.287752 2.552194 2.431031 4.511152 4.079328 17.70115 33.98687 6.261291 2.766013 7.16127 5.57268 4.51087 5.111053 2.357429 4.10531 5.239669 29.42772 6.637157 3.647847 4.806653 12.10028 5.242149 1.014958 0.8002113 1.256298 3.429318 2.18997 2.62894 2.544178 16.91925 0.8144864 0.397682 0.3727114 0.3691768 0.4254268 0.5961676 0.8594329 1.891301 8.048109
35.11282 73.04243 34.55746 190.5815 31.53552 27.04812 30.45557 24.05174 14.449 13.70539 17.20809 10.40983 30.79688 8.915129 6.436926 6.232617 3.81336 6.128596 4.637514 2.65063 3.076474 3.518665 3.028369 8.752024 42.56519 3.517149 3.49179 1.574776 1.039209 0.7607071 0.5508518 0.6834154 0.888642 2.452635 2.662867 2.388317 1.38663 7.84611 24.56549 9.361291 17.37596 27.42881 2.430267 1.305351 1.653882 2.79138 7.28429 8.838967 13.27484 12.20746 11.60734 4.391055 1.41897 1.276042 0.8955264 0.6801922 0.9939421 1.346719 2.014696 3.737194 1.410957 1.280469 0.948434 0.5604134 0.1980659 0.5315412 0.6631646 0.8517281 0.3886993 1.050042 1.642853
77.85166 70.55428 35.23082 152.1636 36.71943 29.38373 20.50657 16.37685 9.004763 6.529865 11.59193 9.043558 9.628366 4.006694 2.068251 2.098094 1.711703 1.31912 1.685971 1.83624 1.831195 1.799737 2.161733 3.166552 2.986994 2.492056 1.65127 0.6749539 0.5930032 0.5643859 0.4685906 0.5014376 0.8447117 1.865075 1.842141 0.7082584 0.6668941 0.6806795 2.772564 19.48239 28.44083 12.57488 1.611948 2.314479 9.528111 7.540865 2.672522 2.662742 7.060678 25.11306 12.22084 5.540229 2.578273 2.024873 0.922523 1.097841 2.088372 1.092576 2.509472 0.9167531 0.6744086 0.699481 1.07892 0.7173187 0.5916002 0.7760767 1.055455 5.845347 1.489137 0.9514235 0.617232
64.98598 127.2691 132.9777 37.70664 207.196 250.1568 143.8118 41.54023 14.64808 8.843695 12.76979 194.8401 9.229488 8.514499 1.675754 1.167215 1.123001 1.626003 2.326973 1.954926 1.294591 1.306045 0.735404 1.101948 2.153272 1.58128 0.9970303 0.5500928 0.4292155 0.3791921 0.4236628 1.02627 1.308489 1.38877 1.39021 1.354783 1.042105 0.8039916 0.8267845 0.7535109 0.7413718 1.468813 1.923341 1.95614 3.54109 2.579269 1.140238 1.758857 2.244156 2.701357 2.277573 1.784706 2.444044 6.76662 1.867218 3.692137 4.136646 1.29988 2.130378 0.6493395 0.3789097 0.4492381 0.5975988 0.5353333 0.8168328 1.545903 1.392332 1.368373 1.47783 1.231795 2.325402
99.23051 70.68394 137.0123 25.72825 189.2439 104.1847 216.2118 85.50703 20.15433 35.20673 7.53168 3.073112 2.423686 4.921361 4.920386 3.975708 2.408044 1.95585 6.521593 15.49489 3.482124 2.256909 0.456697 0.3784793 0.541392 0.8082912 0.7485049 0.814536 1.372074 0.8064969 0.8861677 1.35324 1.39021 1.39021 1.39021 1.386735 0.9596341 0.8268503 0.7962614 0.7437068 0.9203887 1.538473 2.129243 2.124586 1.799261 1.799759 1.686463 2.762784 2.749356 2.719716 2.837641 3.289194 5.354645 8.260995 19.6772 9.640615 2.943621 1.603569 3.54203 0.8047919 0.4719653 0.3578556 0.4170928 2.891483 0.4946414 0.5631681 0.7434726 1.017729 3.779239 2.134487 1.717109
45.43652 25.31024 63.11833 74.4351 53.91342 47.40752 35.33005 23.54105 22.30326 11.12899 5.115107 15.13618 1.371546 2.865455 30.45092 57.99972 3.548685 1.863851 77.44534 71.065 2.547709 2.180802 1.411603 0.6960707 0.4328466 0.7418556 1.086337 1.581221 1.646235 1.818893 1.989632 1.549222 1.344662 1.375081 1.388022 1.291294 0.8300576 0.8268503 0.7696608 0.7413718 1.168191 1.871799 1.278721 1.886675 2.213443 3.070008 2.892415 2.745021 3.382325 13.31619 26.48362 4.668858 3.118568 1.877234 3.728934 2.564935 4.098946 5.886875 0.9580174 0.5933449 0.5707621 0.4464801 0.9327096 1.944168 0.5046455 0.4794636 0.7412074 4.413296 1.779457 5.226296 1.393201
66.29195 54.09853 72.75629 110.2914 79.05413 95.08445 106.3673 61.02552 66.15578 35.33994 14.52295 6.322418 2.492439 2.941895 10.22172 17.68783 17.02452 1.961594 1.913121 0.6889081 1.169456 1.060086 1.061256 2.025203 4.265652 5.244597 3.947742 1.645061 1.761302 1.876657 2.130391 1.737518 9.212602 1.542475 1.519479 1.241747 1.308674 1.391043 1.081272 0.6995741 0.7078596 0.8817956 0.882514 1.616404 2.369667 8.806944 3.582889 3.102231 7.365888 5.088694 4.951918 27.9253 8.692483 1.116145 0.03331258 0.1636169 0.2987802 0.9065571 0.7892159 0.2421667 0.269117 0.2660117 0.3960568 0.3952064 0.4110813 0.4960799 0.4273767 0.507285 0.8157158 0.5709189 0.6909996
213.5872 215.0967 66.1378 -9999 218.7854 63.07864 58.74323 44.84813 70.52267 67.51365 71.16273 23.26608 9.632588 6.695333 14.75614 -9999 1.961594 1.961563 1.094322 0.6540928 0.6514927 0.9935262 0.8470114 10.64112 10.64112 10.64112 10.64112 5.832185 2.267059 1.953397 1.894688 1.510929 17.7953 2.439675 2.527564 1.250031 1.265851 1.963124 1.409343 0.6980466 0.8496389 4.425095 5.138588 13.6279 9.173794 12.34189 13.74734 34.05103 26.3499 30.08772 5.024616 43.45908 46.95387 74.11758 67.69408 10.02762 13.3535 1.684991 0.5390291 0.1563137 0.2617021 0.1066431 0.101086 0.1881811 0.09225789 0.1517654 0.2430138 0.398171 0.3951226 0.4726982 0.2646573
-9999 -9999 -9999 -9999 -9999 -9999 110.094 37.86111 19.70745 36.42452 81.34567 95.13446 94.80895 86.13692 111.6662 -9999 -9999 1.961594 34.5965 1.266436 1.487708 1.733053 1.503258 10.64112 10.64112 10.64112 10.64112 10.64112 9.379218 5.442436 5.392919 5.276226 4.234685 2.983485 6.737953 28.65645 4.139009 10.31702 29.97153 8.573829 8.900536 18.31401 8.300975 157.1877 47.23978 18.43114 8.084799 15.61123 116.7736 39.89346 25.90963 2.651808 1.739895 6.309772 292.4084 6.697935 22.72485 9.409524 2.433745 9.141201 8.690737 2.364135 0.4364199 0.1535056 0.09787159 0.1351392 0.1298659 0.1573032 0.1534481 0.1653901 0.1685653
29.27521 110.976 114.2194 -9999 -9999 -9999 -9999 149.644 72.24456 71.62897 31.54993 47.27283 25.35148 34.66502 104.3293 319.3619 -9999 -9999 1.793269 1.870663 2.297715 2.372038 1.795639 10.64106 11.56846 15.9232 13.70576 10.67184 10.45567 7.535992 7.333312 7.333312 7.229218 3.629409 4.48809 7.42838 101.7519 40.89699 32.55676 15.0983 13.2989 136.1476 25.1183 21.00164 13.96075 18.00849 8.110655 8.849438 6.834383 2.569835 1.194746 1.973029 3.647563 29.93678 3.775333 9.587053 30.43704 8.355112 0 1.501488 31.54579 1.629305 0.3663005 0.06076604 0.1659414 0.4057515 0.08589523 0.3048648 0.4242692 0.4287343 0.1287036
26.54583 30.61017 60.68049 233.1701 200.9592 179.5569 298.7965 177.0613 89.68221 33.61992 30.62916 175.17 70.70067 46.12866 33.40926 74.3276 45.76478 -9999 -9999 4.243984 4.85547 4.800989 2.981858 11.16503 19.13814 19.41838 19.40072 100.5313 41.89025 17.75202 7.478518 7.333312 7.333312 9.792626 15.37688 32.76758 334.4803 125.0689 85.52094 55.59518 32.47956 6.23447 8.839465 6.201968 5.43356 5.277779 23.03693 61.96862 16.26653 72.97604 19.8875 9.138242 7.994861 58.06966 1.90962 0.2204745 1.579616 0 0 0 0.0258002 0.9169657 0.6542209 0.201777 0.05417065 0.002173913 0.1812153 0.4176251 0.4070829 0.7383316 0.07626905
36.61637 45.59411 56.30714 70.29806 79.44164 55.41399 81.95306 48.44877 32.9038 24.08261 53.29343 212.3893 60.2825 102.6778 87.35361 48.77542 371.6377 484.9317 -9999 4.85547 4.85547 4.855469 4.85547 6.445852 18.31817 17.93666 19.33516 15.34845 14.02236 57.77728 35.50309 30.92052 16.70755 93.01772 55.04044 124.5196 166.4683 200.8373 304.4802 292.3696 61.78143 9.552056 2.102186 3.222287 1.241851 4.43374 10.58178 39.07026 13.86047 2.31597 0.4309498 0.08893965 0.05483073 0.4808478 0.6460073 0.2266162 0.2518268 0 0 0 0.1765574 12.47193 8.842382 8.772534 6.544382 7.340077 3.547136 0.1646647 0.009862786 0.07578026 0.1374525
94.23011 36.01382 44.15699 38.11415 21.64474 7.685344 28.73266 20.80043 47.92936 39.21455 56.95367 66.22312 45.3695 48.23845 66.89553 91.24957 65.21996 -9999 -9999 4.855469 4.85547 4.85547 4.855469 5.396044 9.535778 9.536303 9.761937 13.49988 14.66085 16.4199 29.68425 40.29344 109.4038 140.9859 93.93836 39.64667 34.96994 19.49636 14.66099 12.88477 7.154547 5.430804 77.63293 111.3575 33.13601 20.39253 6.152037 0 0 0 0 0 0 0.005982954 0.3268239 0.7973093 0.2265994 0.1126148 0.0001327402 0.1759229 0.6004372 5.4108 0.9950553 0.8155711 6.659229 66.89902 20.34956 21.94302 0.8905284 1.054763 3.293722
39.95551 67.39634 103.7658 23.08848 30.23155 83.15578 67.97044 67.41092 55.08607 47.98049 70.59745 59.65483 71.15794 124.2588 45.98981 138.6331 123.9461 -9999 -9999 -9999 4.85547 4.85547 6.296474 12.80188 12.86931 9.536303 9.536303 12.88023 17.07098 15.24131 13.93511 24.05615 58.00999 79.35486 93.49203 189.9813 68.16235 22.63157 6.438467 2.53747 0.4433503 0.9337825 5.300994 26.22273 109.4259 0.09934726 0 2.638659 1.430917 0.03852063 0.04213411 0.0004254374 4.372088 0.4354922 0.5127829 1.193861 0.1205462 0.2365394 0.8979455 0.2568073 0.03342097 0.2215639 0.2940089 0.007012552 0.1469822 0.3647781 3.478911 74.53091 27.77424 64.82722 17.91557
35.3652 66.31647 85.08271 105.7772 135.1707 97.59674 90.54826 87.18708 106.0425 77.5609 39.86508 91.91685 118.9388 120.3869 33.49025 49.76323 295.1709 251.3908 -9999 -9999 7.879297 36.4183 63.61312 16.47559 38.86093 116.9993 12.17255 10.21486 16.67802 17.13238 15.31334 15.24582 16.08034 44.86784 76.85197 128.4543 111.407 39.49615 10.68251 5.369524 0.6937263 1.134125 2.733603 6.948888 35.38762 20.62 87.51458 25.81929 4.093132 1.760109 0.5095249 0.5729362 0.3000121 0.1890141 0.007371416 0.0007211629 0.005118414 0.1109372 0.8339508 0.4512995 0.05082052 0.05871611 0.4916697 0.5704908 5.500844 2.467417 3.072876 5.327462 28.61856 96.87355 40.15923
37.36212 268.021 423.4465 191.2848 380.4337 86.72606 45.18316 55.40299 51.94018 132.5346 98.66392 117.3439 68.62009 56.13118 26.37263 46.28934 69.88768 107.1607 125.8298 208.2786 106.9446 73.23009 14.78469 12.6742 30.41772 46.01342 176.1845 61.2573 14.94934 17.13238 16.88178 24.50386 40.11503 72.75923 67.94529 87.08156 74.94577 27.69721 15.58258 16.7086 11.28395 13.04273 6.619824 0.4929231 0.2824242 1.03402 8.237908 7.914152 21.30883 2.339892 0.2755184 0.1029085 0.003454469 0 0 0 0 0 0.05917806 0.1043668 0.08649442 15.01405 1.619233 0.3668218 3.601952 2.931208 2.746273 13.25555 227.8954 108.0987 279.9604
139.2851 89.10329 587.2418 246.9908 37.62177 28.95544 37.74238 31.98964 12.41459 28.86909 83.69836 104.4296 117.1547 68.43036 46.2504 44.11308 38.7708 244.2028 1171.763 30.88444 12.19491 5.975739 4.537076 7.103819 20.50488 46.78358 71.11262 65.05978 16.56088 20.25998 17.93724 37.37107 23.26533 26.09896 17.34532 34.64161 71.82833 11.83261 54.56528 178.8777 42.34638 22.15564 14.20839 11.41484 1.83639 0.1185256 0.1576226 0.07304334 0.3936862 0.09892632 0 0 0 0 0 0 0 0 0 0.009429551 0.1571402 0.7557756 0.1127158 0.5879811 0.7224047 0.8022215 3.760286 14.20998 13.07446 65.60775 223.748
150.6184 124.6467 505.9428 231.8057 13.28048 3.028367 6.605362 37.80162 14.65528 15.21924 43.67595 45.48553 41.44141 74.05943 86.03645 116.9203 72.7429 71.47559 65.23711 9.146184 7.84669 4.932898 3.715202 2.689856 5.251676 15.01482 13.74309 21.86735 16.23569 77.15503 21.1043 9.484449 14.69009 22.78669 26.4363 61.51841 361.1217 144.4082 543.7955 525.7333 298.4513 284.4607 75.53149 11.86304 2.15451 1.409125 0.09164891 0.1161848 0.002922516 0 0 0 0 0 0 0 0 0 0 0.1208477 0.1384657 0.4391019 1.846264 0.6518343 0.3712249 0.3565727 1.620489 5.279672 5.349288 12.99754 45.244
-9999 -9999 521.2982 389.8364 3.716744 0.7352211 1.086788 1.798017 3.399728 21.76998 89.54508 685.2703 21.10112 41.72867 48.57537 90.53693 54.16301 45.53022 42.03049 5.223901 2.773293 2.239587 1.606464 1.189596 4.036729 7.083179 9.667193 7.594828 8.677073 12.8112 10.12522 14.96259 19.1936 23.5448 48.03311 98.02864 87.37447 145.6767 359.0923 448.4601 497.6595 282.4244 186.9987 13.31332 2.755276 2.685758 0.6134816 0.1856925 0.06573389 0.006860699 0.1215634 0.2056009 0.1285904 0.1649313 0.07409497 0.03933151 0.006533733 0.04026083 0.07948645 0.05258968 0.1404023 0.3785487 2.933291 5.370355 4.881064 1.882401 2.798362 3.40511 4.315519 6.882213 6.95013
-9999 1940.663 467.6451 183.9689 3.06898 0.4579676 0.5252569 0.2706683 0.2669586 2.497551 60.85052 223.9311 78.14872 39.4003 30.62391 61.259 36.21183 59.61457 135.3589 106.0934 10.39173 21.90344 3.179416 1.536414 1.300154 9.695317 7.330575 5.493803 7.745193 16.97147 5.191969 16.66266 25.83055 17.51046 28.63805 15.19216 57.13009 188.9172 199.2948 305.0924 507.5455 920.7056 353.556 110.7184 16.86522 2.114557 1.243732 0.8796595 0.3958735 0.274783 0.5175329 0.4153424 0.2663027 0.1846946 0.5476491 0.393232 0.2032585 0.5367371 1.835302 1.887143 3.007586 1.154875 3.724182 7.115044 3.83123 5.029733 4.207388 6.152663 6.909417 5.3273 9.380454
108.036 438.2592 392.7501 47.11705 6.915413 2.620301 2.825133 3.830219 1.092402 0.267083 14.62597 70.24801 113.1061 98.58118 63.06544 123.6346 68.5784 49.10857 31.87318 61.53028 11.97356 38.27721 9.679436 4.815927 4.834485 10.72596 2.964408 7.47525 16.30062 3.278257 11.89118 30.57274 62.68189 15.11731 18.1325 7.85025 25.81435 121.6213 149.8111 458.5641 879.2305 1213.677 642.2672 344.6002 122.0232 14.88398 2.709574 0.3638359 0.2937136 0.3131364 0.5198624 0.4612156 0.7315117 0.5327695 0.6451395 0.8133286 1.189241 1.495663 4.730173 6.398165 5.424285 5.046721 5.974977 7.440895 9.411928 8.675251 6.414402 8.850041 5.246284 13.13167 69.93511
3.642081 5.153784 20.96263 0.3998599 2.984091 5.630912 3.646607 4.399532 4.630415 4.556548 18.1193 4.488018 8.831312 40.31501 156.0976 77.74652 47.78494 43.10418 34.65433 31.71809 11.45541 5.795615 20.97126 24.01756 12.25674 14.84457 12.86251 21.34505 18.88029 3.305688 2.656972 4.892342 4.450781 92.37416 53.76151 24.22671 27.64471 166.3173 540.7742 560.8555 541.1642 394.12 503.4326 679.3129 383.8836 218.2198 62.68307 11.54706 1.33644 0.341564 0.7696807 0.2685105 0.4621062 0.6853911 0.8614763 0.8919386 1.022537 2.94045 5.432312 2.53931 2.103565 3.10296 4.178666 3.614185 4.990401 5.977417 2.935972 6.952633 10.39304 35.69642 607.316
1.836118 2.502176 12.69457 5.128576 7.763538 2.899709 1.578987 2.964382 4.399968 2.777041 2.703274 0.6627432 0.2794288 10.01287 105.8293 369.1079 8.776423 51.41594 57.71017 170.0035 36.90848 10.49033 16.53911 18.02131 19.27733 26.61786 17.29934 18.91152 5.116159 1.238027 2.663326 2.964647 9.016472 34.41221 27.78102 15.71324 22.16556 281.0482 450.7436 256.2759 217.6301 199.3421 324.4302 506.59 904.7426 547.9131 229.6098 119.2669 89.12617 11.93534 1.162779 0.9304814 1.025707 1.873681 5.855989 13.32295 14.18554 11.45237 44.04853 4.769587 2.286741 5.934948 2.091948 1.409877 3.395838 5.214903 4.564279 4.898441 5.126091 80.22038 330.0688
4.046438 8.769703 7.433394 9.042528 6.279584 4.107256 3.376022 5.64139 5.938365 2.309918 1.658284 3.380789 4.785562 5.703394 21.04908 32.78067 -9999 160.9317 23.88946 18.62894 28.71354 21.22671 14.63348 14.49206 21.81721 21.92806 12.84718 12.90823 10.50552 3.65942 2.601262 6.280861 7.980392 20.09336 45.35714 171.4309 169.6799 290.0355 26.81427 36.0613 75.82739 116.0883 255.6192 644.2036 2320.955 842.4179 781.2007 281.0944 228.9338 114.5023 143.1712 79.47974 10.13894 2.779011 5.229153 3.509868 7.049407 4.203207 4.037411 4.619474 2.970061 11.64103 10.66962 3.602616 1.265699 3.721741 7.393401 5.003424 12.75504 97.81671 100.7591
20.14631 40.25806 4.402156 6.109925 4.505529 0.8780495 1.651345 6.414844 6.442771 2.643084 5.738147 7.762357 5.528752 4.578073 2.500627 3.940289 40.22731 5.742742 21.13515 34.01886 18.5976 14.19527 22.98927 43.41582 28.85885 9.258096 7.447277 13.0399 10.38968 16.27284 5.297462 4.820053 5.633623 14.07179 150.7138 411.7477 98.26526 25.56321 24.79823 50.18247 124.1293 188.3508 352.845 389.9128 662.1292 883.8284 672.6975 661.2953 607.826 501.4406 538.7379 291.3858 342.1678 115.7739 73.78298 135.3719 19.91033 6.905627 15.95328 12.54756 44.32849 175.7612 234.3531 14.69533 4.738922 8.532138 28.45397 27.58182 39.20788 133.5936 187.5966
5.58192 7.431587 3.995691 3.371289 2.194733 1.85215 2.264199 4.694058 3.823759 8.059366 18.69721 13.91068 4.434283 2.454678 0.9400618 2.560124 137.0392 995.8574 7.307187 -9999 14.9526 14.50961 33.42172 38.54904 20.76841 5.468985 8.719354 10.83147 14.31371 17.63727 17.65422 13.02552 6.064582 12.18099 118.772 238.6204 26.93496 14.40535 30.03901 127.5067 185.1802 234.5289 417.4294 281.5174 322.3676 420.4819 492.4751 1040.149 762.5746 853.5609 1071.377 1118.809 1191.773 701.3698 528.2708 633.0958 510.7754 362.7944 488.1132 458.5632 185.7258 238.8805 30.09044 5.754365 5.071672 12.7702 50.73833 97.10129 115.6816 97.75676 142.7775
