data/gpw_v4_population_density_rev11_2005_1_deg.asc
ncols         360
nrows         180
xllcorner     -180
yllcorner     -90
cellsize      1
NODATA_value  -9999
[rows 32 to 63 of 180, columns 142 to 212 of 360]
-9999 -9999 -9999 -9999 -9999 -9999 -9999 -9999 -9999 -9999 -9999 -9999 -9999 -9999 -9999 -9999 -9999 -9999 -9999 -9999 -9999 -9999 -9999 -9999 -9999 -9999 -9999 -9999 -9999 2.455235 6.295044 4.580877 2.453937 19.5613 21.838 93.56674 84.83435 -9999 -9999 -9999 -9999 -9999 -9999 -9999 17.85265 46.49424 27.13093 123.3722 73.24667 459.6542 99.32091 20.66135 37.07788 12.55963 18.48667 10.16354 19.52629 4.834136 -9999 22.49614 11.3754 53.96922 55.00781 16.26817 12.23893 12.34296 44.76667 7.436708 5.896182 7.772601 5.496106
-9999 -9999 -9999 -9999 -9999 -9999 -9999 -9999 -9999 -9999 -9999 -9999 -9999 -9999 -9999 -9999 -9999 -9999 -9999 -9999 -9999 -9999 -9999 -9999 -9999 -9999 -9999 -9999 -9999 -9999 14.46584 3.920148 8.027724 8.237007 109.9119 111.8253 -9999 -9999 -9999 -9999 -9999 -9999 -9999 -9999 -9999 -9999 60.1922 71.53854 156.1571 56.22397 155.6815 26.71192 42.05221 23.59379 39.11059 -9999 6.469217 -9999 118.0536 26.05708 25.66321 45.22989 86.49988 17.76625 11.10786 14.24299 8.674476 7.528472 22.86439 5.723021 7.097147
-9999 -9999 -9999 -9999 -9999 -9999 -9999 -9999 -9999 -9999 -9999 -9999 -9999 -9999 -9999 -9999 -9999 -9999 -9999 -9999 -9999 -9999 -9999 -9999 -9999 -9999 -9999 -9999 -9999 27.88702 69.36124 53.35273 10.99868 322.5278 164.6185 26.9985 235.9166 -9999 -9999 -9999 -9999 -9999 -9999 -9999 -9999 -9999 57.01944 98.58773 141.2628 109.6237 613.2307 133.1725 52.20064 66.60278 -9999 -9999 -9999 -9999 38.55081 70.57047 30.44893 41.41472 44.2857 23.99775 32.26654 17.82137 35.72155 16.10456 62.71058 7.965829 12.13787
-9999 -9999 -9999 -9999 -9999 -9999 -9999 -9999 -9999 -9999 -9999 -9999 -9999 -9999 -9999 -9999 -9999 -9999 -9999 -9999 -9999 -9999 -9999 -9999 -9999 -9999 -9999 18.6981 18.06888 24.29546 41.88814 106.0076 338.2038 48.43859 90.79636 59.1437 349.0093 95.57121 -9999 -9999 -9999 -9999 -9999 -9999 -9999 571.1364 68.58344 118.0236 209.1743 75.35017 129.887 118.56 86.81194 99.48622 90.23994 62.00135 299.3404 120.0651 117.2572 37.23851 34.41197 82.20997 42.2318 103.364 35.24629 30.85085 43.90753 19.15905 39.16962 18.84552 57.02855
-9999 -9999 -9999 -9999 -9999 -9999 -9999 -9999 -9999 -9999 -9999 -9999 -9999 -9999 -9999 -9999 -9999 -9999 -9999 -9999 -9999 -9999 -9999 -9999 -9999 -9999 -9999 21.16417 35.55503 28.12416 38.43113 272.4617 106.8497 105.3028 406.402 833.1042 633.8975 183.6621 92.23801 -9999 -9999 -9999 73.98449 211.6371 235.8351 147.0959 306.9132 260.7199 305.2881 69.36098 44.25538 50.46548 133.5161 47.46921 50.07479 72.39491 152.2398 68.17912 70.5358 50.13829 54.94938 114.1526 32.57 47.81245 43.44364 286.1539 23.15827 46.20374 68.54997 18.72838 16.35588
-9999 -9999 -9999 -9999 -9999 -9999 -9999 -9999 -9999 -9999 -9999 -9999 -9999 -9999 -9999 -9999 -9999 -9999 -9999 -9999 -9999 -9999 -9999 -9999 -9999 -9999 -9999 18.49245 33.51646 47.95015 43.79043 53.28857 40.23203 55.04984 26.73257 293.6716 632.4036 239.9934 138.0226 212.6054 -9999 -9999 1140.825 472.9184 248.3845 167.4647 232.1503 252.6638 180.3189 98.16235 65.65501 594.5441 59.61113 65.99628 151.0131 103.9304 106.9071 102.5403 218.8724 238.4425 62.16899 76.00469 29.90582 27.51709 41.05625 34.82783 18.45947 36.45882 69.61911 53.27655 31.36068
-9999 -9999 -9999 -9999 -9999 -9999 -9999 -9999 -9999 -9999 -9999 -9999 -9999 -9999 -9999 -9999 -9999 -9999 -9999 -9999 -9999 -9999 -9999 -9999 -9999 -9999 -9999 13.6581 15.98831 140.9588 57.7883 -9999 61.37563 133.4192 314.5204 295.9906 193.9186 1299.733 638.0074 479.4077 463.2299 347.0729 647.9664 443.1528 729.4727 757.7153 214.4013 168.3985 126.1932 151.4321 210.1257 161.9336 115.5807 96.2231 152.4028 135.2849 93.45982 217.0995 87.53612 118.3923 130.7218 43.14841 37.99139 33.8096 35.12066 20.18545 20.16479 15.11894 18.17917 70.402 25.05742
-9999 -9999 -9999 -9999 -9999 -9999 -9999 -9999 -9999 -9999 -9999 -9999 -9999 -9999 -9999 -9999 -9999 -9999 -9999 -9999 -9999 -9999 -9999 -9999 -9999 -9999 -9999 -9999 -9999 -9999 -9999 -9999 230.0262 138.3209 162.1322 144.9452 712.0208 550.2943 352.7776 151.5117 205.334 428.4317 459.2742 267.3622 295.1338 352.0463 449.8925 129.7658 140.4396 143.6867 226.3632 136.8996 281.5889 143.9232 121.9202 102.4386 318.4848 329.9579 155.3097 136.2158 107.4565 70.63236 71.88461 81.28468 89.21389 46.91052 76.69576 40.85749 465.1889 43.79791 37.89993
-9999 -9999 -9999 -9999 -9999 -9999 -9999 -9999 -9999 -9999 -9999 -9999 -9999 -9999 -9999 -9999 -9999 -9999 -9999 -9999 -9999 -9999 -9999 -9999 -9999 -9999 -9999 -9999 -9999 -9999 -9999 133.0661 82.08695 -9999 -9999 719.1442 94.60709 172.5815 137.7988 147.8452 205.9931 81.82597 72.06895 72.20892 249.97 191.0422 487.498 198.7863 154.3416 195.9344 91.62988 82.23109 89.38126 79.43857 143.7207 144.2816 261.3668 162.41 145.3303 111.5257 68.95228 149.0399 136.7631 90.95538 67.19164 59.06562 109.8949 38.86663 71.68178 59.55424 80.50829
-9999 -9999 -9999 -9999 -9999 -9999 -9999 -9999 -9999 -9999 -9999 -9999 -9999 -9999 -9999 -9999 -9999 -9999 -9999 -9999 -9999 -9999 -9999 -9999 -9999 -9999 -9999 -9999 -9999 -9999 -9999 -9999 45.4961 168.4557 58.20321 89.39264 131.7771 55.83665 56.40052 119.8223 1230.364 51.70645 50.78724 35.4077 102.121 226.4413 261.4421 418.2436 197.0342 365.25 132.7096 104.8454 129.2225 64.7496 300.954 173.4354 111.9379 75.87223 97.10429 119.3931 105.4993 77.56429 101.0218 114.5483 90.01524 67.65187 56.81429 50.24214 54.51506 32.88282 57.99286
-9999 -9999 -9999 -9999 -9999 -9999 -9999 -9999 -9999 -9999 -9999 -9999 -9999 -9999 -9999 -9999 -9999 -9999 -9999 -9999 -9999 -9999 -9999 -9999 -9999 -9999 -9999 -9999 -9999 -9999 -9999 -9999 -9999 197.7845 157.6024 119.6015 137.5199 96.82926 98.70865 78.93398 54.37847 36.61717 26.8132 68.4559 100.5894 282.5412 370.6472 222.2224 82.44872 107.1643 86.53901 72.97816 33.35812 89.4763 103.2434 89.67007 174.3193 323.4087 73.9263 116.3713 76.61751 82.07403 53.54736 44.41961 119.0222 127.0153 141.5098 60.66743 23.81428 31.99031 26.38041
-9999 -9999 -9999 -9999 -9999 -9999 -9999 -9999 -9999 -9999 -9999 -9999 -9999 -9999 -9999 -9999 -9999 -9999 -9999 -9999 -9999 -9999 -9999 -9999 -9999 -9999 -9999 -9999 -9999 -9999 -9999 -9999 -9999 -9999 -9999 108.1228 114.1645 61.7416 52.60162 33.54903 30.60224 43.1144 84.84441 58.32327 223.4009 127.8614 53.71428 50.24594 23.80204 89.53672 40.87412 67.30836 116.9933 116.7619 95.51003 64.97952 94.2105 77.65469 82.36462 78.51765 30.79375 98.33711 84.66462 45.18511 107.0808 74.5612 100.6791 91.18208 241.9804 64.8175 142.3354
-9999 -9999 -9999 -9999 -9999 -9999 -9999 -9999 -9999 -9999 -9999 -9999 -9999 -9999 -9999 -9999 -9999 -9999 -9999 -9999 -9999 -9999 -9999 -9999 -9999 -9999 -9999 -9999 -9999 -9999 -9999 -9999 -9999 -9999 -9999 -9999 72.50169 62.86091 54.24972 61.62827 18.97535 79.50428 293.3996 172.8272 58.53345 235.2579 287.1028 720.4628 239.0807 281.8298 359.3423 169.7101 64.29718 114.1176 98.91058 51.54114 82.60049 108.5248 66.80883 85.96803 44.03125 60.04408 76.89315 118.9717 70.61858 107.0585 96.94918 33.89903 36.28985 -9999 24.0507
-9999 -9999 -9999 -9999 -9999 -9999 -9999 -9999 -9999 -9999 -9999 -9999 -9999 -9999 -9999 -9999 -9999 -9999 -9999 -9999 -9999 -9999 -9999 -9999 -9999 -9999 -9999 -9999 -9999 -9999 -9999 -9999 -9999 -9999 -9999 -9999 59.29811 127.0825 54.62186 38.7082 37.78749 18.06845 93.83183 27.33816 18.43297 95.44846 226.7786 99.43542 188.2425 188.0588 252.4919 233.1685 26.44385 30.2307 38.80761 88.31625 105.6008 91.05138 260.5828 49.68039 52.79379 89.79676 103.2501 129.4676 291.6588 39.16012 97.56589 3.803024 -9999 -9999 -9999
-9999 -9999 -9999 -9999 -9999 -9999 -9999 -9999 -9999 -9999 -9999 -9999 -9999 -9999 -9999 -9999 -9999 -9999 -9999 -9999 -9999 -9999 -9999 -9999 -9999 -9999 -9999 -9999 53.71857 192.4079 38.97622 25.64792 185.5692 44.50901 187.3425 378.5306 121.0991 63.28025 42.62789 147.8458 57.31367 157.2713 187.8942 334.7935 106.0435 442.0391 432.7612 17.20586 240.2422 179.7585 108.8684 211.4187 -9999 56.27314 82.04259 58.53019 70.109 39.06421 70.65448 106.172 39.30969 52.63329 63.7743 66.11645 63.55049 82.89796 51.35571 -9999 -9999 -9999 -9999
-9999 -9999 -9999 -9999 -9999 -9999 -9999 -9999 -9999 -9999 -9999 -9999 -9999 -9999 -9999 -9999 -9999 -9999 -9999 -9999 -9999 -9999 -9999 -9999 -9999 -9999 -9999 -9999 109.0575 159.7011 42.89303 21.65812 37.61064 12.7913 28.37331 67.90903 60.2168 12.50394 9.948221 25.61943 68.31347 135.3231 -9999 -9999 403.0581 -9999 16.02724 35.46077 115.8758 54.73645 117.8465 87.18958 249.8353 180.8731 44.5945 30.84521 49.32747 61.12394 114.2303 132.0975 36.71533 180.3247 96.32594 68.28613 43.89674 59.34734 19.10942 -9999 -9999 -9999 -9999
-9999 -9999 -9999 -9999 -9999 -9999 -9999 -9999 -9999 -9999 -9999 -9999 -9999 -9999 -9999 -9999 -9999 -9999 -9999 -9999 -9999 -9999 -9999 -9999 -9999 -9999 -9999 -9999 -9999 410.6549 44.61445 13.30223 21.58806 65.49115 10.44492 8.429765 38.36628 63.21993 43.19062 188.8879 1008.762 254.3411 -9999 -9999 -9999 -9999 76.27335 23.94916 -9999 3.897474 1009.49 133.6154 131.8016 90.10358 431.0388 432.6678 -9999 242.6305 83.72718 85.36015 49.18419 44.08295 41.57672 52.54082 47.56445 76.70163 1957.272 1601.18 82.08774 182.6329 80.2387
-9999 -9999 -9999 -9999 -9999 -9999 -9999 -9999 -9999 -9999 -9999 -9999 -9999 -9999 -9999 -9999 -9999 -9999 -9999 -9999 -9999 -9999 -9999 -9999 -9999 -9999 -9999 -9999 -9999 156.8176 51.09453 14.64739 37.05774 51.0597 623.3636 6.893777 10.74357 15.61863 55.95917 -9999 -9999 125.9679 38.47815 -9999 -9999 -9999 68.38525 39.38531 -9999 -9999 352.7008 1096.397 1416.317 78.8119 70.56138 249.7147 307.0099 131.7094 44.32383 37.52999 187.1339 44.00637 66.59647 56.80827 51.07322 76.1415 335.1889 617.6866 125.5121 54.74908 130.4718
-9999 -9999 -9999 -9999 -9999 -9999 23.81237 -9999 -9999 79.95604 67.87154 -9999 -9999 -9999 -9999 -9999 -9999 -9999 -9999 -9999 -9999 -9999 -9999 -9999 -9999 -9999 -9999 -9999 153.0619 85.62206 18.77023 29.00358 14.9862 26.50451 38.5541 20.77672 18.62695 308.2776 1409.478 103.6236 285.7296 102.635 130.6047 -9999 -9999 -9999 75.68702 108.1456 -9999 -9999 -9999 -9999 -9999 95.4548 99.96888 174.4277 288.0078 163.5376 44.56217 29.13405 58.1553 42.08687 15.90127 30.21009 63.41482 84.75825 43.98494 51.17863 88.65491 15.08218 264.0121
-9999 -9999 -9999 -9999 -9999 -9999 -9999 -9999 -9999 47.99749 121.6947 -9999 -9999 -9999 -9999 -9999 -9999 -9999 -9999 -9999 -9999 -9999 -9999 -9999 -9999 -9999 -9999 -9999 1451.697 46.18915 26.70657 40.87262 15.2419 18.47421 37.94653 11.13434 56.1449 240.7485 358.8678 234.7638 -9999 -9999 -9999 -9999 -9999 -9999 21.6522 70.28931 -9999 -9999 341.0756 1192.59 190.3237 312.5769 151.8248 109.0647 -9999 -9999 55.61436 67.53768 40.57327 283.1905 30.65017 8.866287 124.4094 410.9766 73.96523 54.20182 61.97544 43.26732 43.3382
-9999 -9999 -9999 -9999 -9999 -9999 -9999 -9999 -9999 -9999 -9999 -9999 178.0916 -9999 -9999 -9999 -9999 -9999 -9999 -9999 -9999 -9999 -9999 -9999 -9999 -9999 -9999 -9999 -9999 42.86516 39.73908 91.76601 125.1331 87.96746 93.43431 16.64557 117.7901 365.0526 -9999 -9999 -9999 -9999 -9999 -9999 247.4545 59.70377 88.06014 169.2661 212.5684 115.5922 145.5126 100.2469 88.69915 463.7637 62.49439 -9999 -9999 -9999 92.09544 45.0613 41.97931 885.3172 68.84171 54.76522 60.88509 118.8297 63.42221 76.05078 87.59618 42.16642 78.97285
-9999 -9999 -9999 -9999 -9999 -9999 -9999 -9999 -9999 -9999 -9999 -9999 60.21734 -9999 -9999 -9999 -9999 -9999 -9999 -9999 -9999 -9999 -9999 -9999 -9999 -9999 -9999 -9999 -9999 0 26.09491 291.0407 89.14734 304.4831 80.34348 177.3107 55.20757 -9999 215.921 225.1013 378.8219 526.6627 233.7363 265.0596 255.2368 188.0293 91.44145 76.96931 462.331 264.136 35.80109 -9999 211.1526 186.1927 -9999 -9999 -9999 -9999 -9999 35.2892 21.91186 25.12185 25.95788 37.46904 39.40492 43.92921 89.28762 41.60389 185.8986 63.7791 56.95696
-9999 -9999 -9999 -9999 -9999 -9999 -9999 -9999 -9999 -9999 -9999 -9999 -9999 -9999 -9999 -9999 -9999 -9999 -9999 -9999 -9999 -9999 -9999 -9999 -9999 -9999 -9999 -9999 -9999 -9999 -9999 307.188 258.078 84.81066 153.8449 358.9846 168.8579 261.2586 159.7191 86.53762 46.59503 38.56392 68.44815 96.34772 88.72041 70.93396 67.05202 64.28962 186.5656 243.7426 232.8306 -9999 1474.566 -9999 -9999 -9999 -9999 -9999 -9999 -9999 -9999 35.40754 70.36191 109.3561 26.70078 13.99482 -9999 -9999 -9999 -9999 36.04876
-9999 -9999 -9999 -9999 -9999 -9999 -9999 -9999 -9999 -9999 -9999 -9999 -9999 -9999 -9999 -9999 -9999 -9999 -9999 -9999 -9999 -9999 -9999 -9999 -9999 -9999 -9999 -9999 -9999 -9999 -9999 344.7755 179.7089 154.608 40.53603 58.02557 108.6673 21.86419 26.06152 11.11033 25.17418 52.5392 14.59478 51.78271 12.25414 10.09539 37.23836 36.64038 154.6958 92.22105 -9999 -9999 -9999 -9999 -9999 -9999 -9999 -9999 -9999 -9999 -9999 4.121916 11.9493 23.35514 5.831583 -9999 -9999 -9999 -9999 -9999 64.0435
-9999 -9999 -9999 -9999 -9999 -9999 -9999 -9999 -9999 -9999 -9999 -9999 -9999 -9999 -9999 -9999 -9999 -9999 -9999 -9999 -9999 136.7498 -9999 -9999 -9999 -9999 -9999 -9999 -9999 216.6907 647.5574 148.9935 135.7234 45.68381 12.87815 2.71764 1.996234 7.438297 5.458992 5.903566 16.48909 8.619991 3.342781 19.28268 42.69283 8.839414 8.83118 16.7018 74.95687 41.78685 -9999 -9999 -9999 -9999 -9999 -9999 -9999 -9999 -9999 -9999 -9999 -9999 -9999 -9999 -9999 -9999 -9999 -9999 -9999 -9999 -9999
-9999 -9999 -9999 -9999 -9999 -9999 -9999 -9999 -9999 -9999 -9999 -9999 -9999 -9999 -9999 -9999 -9999 -9999 -9999 -9999 121.8403 541.9275 -9999 -9999 -9999 -9999 -9999 -9999 250.2644 96.85144 82.79837 142.4259 37.74015 18.22849 5.192323 1.75977 4.8031 6.025598 3.66346 2.04404 2.253004 17.48388 16.22386 7.130761 6.540998 0.6157007 0.7714625 2.17731 8.472836 21.88425 62.25365 188.6193 33.84986 18.26514 -9999 -9999 -9999 48.96773 35.25043 21.04863 7.664267 4.415221 1.942258 -9999 -9999 -9999 -9999 -9999 -9999 -9999 -9999
-9999 -9999 -9999 -9999 -9999 -9999 -9999 -9999 -9999 -9999 -9999 -9999 -9999 -9999 -9999 -9999 -9999 -9999 -9999 -9999 -9999 -9999 -9999 -9999 -9999 -9999 -9999 -9999 70.98579 76.46254 145.8159 36.45259 23.75996 28.84047 3.19171 8.431767 9.022264 0.4399155 0.3167773 3.099749 1.376839 0.9653251 3.957937 4.867768 0.4131562 0.05864677 0.05864678 0.3296828 1.201095 2.011103 3.87592 11.39194 18.16132 9.959078 1.84401 1.84401 -9999 48.96774 44.316 22.78155 7.269934 2.27213 1.992446 3.035466 13.94852 42.0728 13.19937 5179.985 1367.746 1054.202 498.9025
-9999 -9999 -9999 -9999 -9999 -9999 -9999 -9999 -9999 -9999 -9999 -9999 -9999 -9999 -9999 -9999 -9999 -9999 -9999 -9999 -9999 0 0 -9999 -9999 -9999 -9999 -9999 189.8096 44.50453 13.69051 20.80949 16.59693 0.6456922 0.6717903 1.297727 0.7575161 0.6279228 0.526388 1.056983 0.9888795 0.9734746 0.6618797 0.6253774 0.5363986 0.07410966 0.08417982 0.4292686 1.309444 1.563618 3.87592 5.055152 7.803554 1.84401 1.84401 1.84401 1.709253 0.8909463 0.8909464 0.8909464 1.475675 1.894789 1.711904 0.001944608 0 0.312075 1.692017 58.95963 493.4318 2226.708 126.4309
-9999 -9999 -9999 -9999 -9999 -9999 -9999 -9999 -9999 -9999 -9999 -9999 -9999 -9999 -9999 -9999 -9999 -9999 -9999 -9999 -9999 -9999 -9999 -9999 69.83686 -9999 -9999 69.40216 36.45434 5.942005 3.878503 0.9767624 0.685809 0.07381527 0.08481273 0.6729287 0.7901216 2.222607 2.035534 2.131085 0.6066769 0.610069 0.5872276 0.29277 0.06818887 0.06883737 0.1126425 0.4903928 1.416459 1.553108 3.87592 3.87592 2.508797 1.06183 1.231677 1.479875 1.498822 0.8909464 0.8909464 0.8909464 0.8909464 1.879686 1.759954 1.043281 0.9014019 0 0 0 265.098 540.0289 33.21059
-9999 -9999 -9999 -9999 -9999 -9999 -9999 -9999 -9999 -9999 -9999 -9999 -9999 -9999 -9999 -9999 -9999 -9999 -9999 45.82368 85.16302 378.4816 884.5765 45.55019 120.1047 0.5558751 16.37535 5.49216 3.729799 0.7706082 0.08089069 0.03042454 0.03042454 0.04514544 0.08210692 0.3071791 0.9789005 3.973484 1.729832 0.8344243 0.6643106 0.4918753 0.1400121 0.08299167 0.05956623 0.05956623 0.1222835 0.3812005 0.8427783 0.8062153 0.8617275 0.8551413 0.7129875 0.4889734 0.4410404 0.4637107 0.87006 0.863529 0.8909464 0.8909464 0.8909464 1.749229 1.826317 0 0.01399892 0 2.216638 0.4329931 314.4635 5.512854 1.960382
-9999 -9999 -9999 -9999 -9999 -9999 -9999 -9999 -9999 -9999 -9999 -9999 -9999 -9999 -9999 -9999 -9999 -9999 -9999 31.85836 36.6764 812.7029 253.0241 -9999 76.68525 0.8337619 0.1284034 0.07153219 0.07918821 0.3510925 0.4896902 0.4531869 0.1495849 0.03042454 0.07714272 1.708061 1.848922 5.015349 1.239368 0.9191887 0.5758177 0.1107842 0.0928005 0.08173748 0.06988283 0.1267047 0.2062301 0.3764203 0.5684099 0.7340896 0.8354137 1.098837 2.731167 5.226649 0.8097187 0.4410404 0.4410404 0.8047209 0.8757176 0.8809971 0.8822286 0.8743908 0.8606919 0 0 0.7578475 0.3098088 0 236.5998 161.2821 0.3099203
-9999 -9999 -9999 -9999 -9999 -9999 -9999 -9999 -9999 -9999 -9999 -9999 -9999 -9999 -9999 -9999 -9999 -9999 -9999 -9999 -9999 -9999 -9999 23.66984 1.740109 0.07119064 5.285452 0.008994017 0.007488356 0.03217039 0.2145037 0.4716283 0.517876 0.4110386 0.3071362 0.6523355 0.6107208 0.3783596 1.420726 1.724047 0.5622969 0.499685 0.06993845 0.07850634 0.1123806 0.1928466 0.1928466 0.2699681 0.4522801 1.070474 2.114041 2.161875 3.764282 0.9508313 0.337438 0.4178565 0.4059022 0.1671478 0.1126251 0.1126251 0.1126251 0.1126251 0.1126249 0 0 1.191415 0 0 0 350.7058 199.7376
