data/gpw_v4_population_density_rev11_2010_1_deg.asc
ncols         360
nrows         180
xllcorner     -180
yllcorner     -90
cellsize      1
NODATA_value  -9999
[rows 0 to 31 of 180, columns 213 to 283 of 360]
-9999 -9999 -9999 -9999 -9999 -9999 -9999 -9999 -9999 -9999 -9999 -9999 -9999 -9999 -9999 -9999 -9999 -9999 -9999 -9999 -9999 -9999 -9999 -9999 -9999 -9999 -9999 -9999 -9999 -9999 -9999 -9999 -9999 -9999 -9999 -9999 -9999 -9999 -9999 -9999 -9999 -9999 -9999 -9999 -9999 -9999 -9999 -9999 -9999 -9999 -9999 -9999 -9999 -9999 -9999 -9999 -9999 -9999 -9999 -9999 -9999 -9999 -9999 -9999 -9999 -9999 -9999 -9999 -9999 -9999 -9999
-9999 -9999 -9999 -9999 -9999 -9999 -9999 -9999 -9999 -9999 -9999 -9999 -9999 -9999 -9999 -9999 -9999 -9999 -9999 -9999 -9999 -9999 -9999 -9999 -9999 -9999 -9999 -9999 -9999 -9999 -9999 -9999 -9999 -9999 -9999 -9999 -9999 -9999 -9999 -9999 -9999 -9999 -9999 -9999 -9999 -9999 -9999 -9999 -9999 -9999 -9999 -9999 -9999 -9999 -9999 -9999 -9999 -9999 -9999 -9999 -9999 -9999 -9999 -9999 -9999 -9999 -9999 -9999 -9999 -9999 -9999
-9999 -9999 -9999 -9999 -9999 -9999 -9999 -9999 -9999 -9999 -9999 -9999 -9999 -9999 -9999 -9999 -9999 -9999 -9999 -9999 -9999 -9999 -9999 -9999 -9999 -9999 -9999 -9999 -9999 -9999 -9999 -9999 -9999 -9999 -9999 -9999 -9999 -9999 -9999 -9999 -9999 -9999 -9999 -9999 -9999 -9999 -9999 -9999 -9999 -9999 -9999 -9999 -9999 -9999 -9999 -9999 -9999 -9999 -9999 -9999 -9999 -9999 -9999 -9999 -9999 -9999 -9999 -9999 -9999 -9999 -9999
-9999 -9999 -9999 -9999 -9999 -9999 -9999 -9999 -9999 -9999 -9999 -9999 -9999 -9999 -9999 -9999 -9999 -9999 -9999 -9999 -9999 -9999 -9999 -9999 -9999 -9999 -9999 -9999 -9999 -9999 -9999 -9999 -9999 -9999 -9999 -9999 -9999 -9999 -9999 -9999 -9999 -9999 -9999 -9999 -9999 -9999 -9999 -9999 -9999 -9999 -9999 -9999 -9999 -9999 -9999 -9999 -9999 -9999 -9999 -9999 -9999 -9999 -9999 -9999 -9999 -9999 -9999 -9999 -9999 -9999 -9999
-9999 -9999 -9999 -9999 -9999 -9999 -9999 -9999 -9999 -9999 -9999 -9999 -9999 -9999 -9999 -9999 -9999 -9999 -9999 -9999 -9999 -9999 -9999 -9999 -9999 -9999 -9999 -9999 -9999 -9999 -9999 -9999 -9999 -9999 -9999 -9999 -9999 -9999 -9999 -9999 -9999 -9999 -9999 -9999 -9999 -9999 -9999 -9999 -9999 -9999 -9999 -9999 -9999 -9999 -9999 -9999 -9999 -9999 -9999 -9999 -9999 -9999 -9999 -9999 -9999 -9999 -9999 -9999 -9999 -9999 -9999
-9999 -9999 -9999 -9999 -9999 -9999 -9999 -9999 -9999 -9999 -9999 -9999 -9999 -9999 -9999 -9999 -9999 -9999 -9999 -9999 -9999 -9999 -9999 -9999 -9999 -9999 -9999 -9999 -9999 -9999 -9999 -9999 -9999 -9999 -9999 -9999 -9999 -9999 -9999 -9999 -9999 -9999 -9999 -9999 -9999 -9999 -9999 -9999 -9999 -9999 -9999 -9999 -9999 -9999 -9999 -9999 -9999 -9999 -9999 -9999 -9999 -9999 -9999 -9999 -9999 -9999 -9999 -9999 -9999 -9999 -9999
-9999 -9999 -9999 -9999 -9999 -9999 -9999 -9999 -9999 -9999 -9999 -9999 -9999 -9999 -9999 -9999 -9999 -9999 -9999 -9999 -9999 -9999 -9999 -9999 -9999 -9999 -9999 -9999 -9999 -9999 -9999 -9999 -9999 -9999 -9999 -9999 -9999 -9999 -9999 -9999 -9999 -9999 -9999 -9999 -9999 -9999 -9999 -9999 -9999 -9999 -9999 -9999 -9999 -9999 -9999 -9999 -9999 -9999 -9999 -9999 -9999 -9999 -9999 -9999 -9999 -9999 -9999 -9999 -9999 -9999 -9999
-9999 -9999 -9999 -9999 -9999 -9999 -9999 -9999 -9999 -9999 -9999 -9999 -9999 -9999 -9999 -9999 -9999 -9999 -9999 -9999 -9999 -9999 -9999 -9999 -9999 -9999 -9999 -9999 -9999 -9999 -9999 -9999 -9999 -9999 -9999 -9999 -9999 -9999 -9999 -9999 -9999 -9999 -9999 -9999 -9999 -9999 -9999 -9999 -9999 -9999 -9999 -9999 -9999 -9999 -9999 -9999 -9999 -9999 -9999 -9999 -9999 -9999 -9999 -9999 -9999 -9999 -9999 -9999 -9999 -9999 -9999
-9999 -9999 -9999 -9999 -9999 -9999 -9999 -9999 -9999 -9999 -9999 -9999 -9999 -9999 -9999 -9999 -9999 0.04012325 0.04012328 -9999 -9999 0.04012325 0.04012327 0.04012326 0.04012326 0.04012326 0.04012325 0.04012328 0.04012328 0.04012319 0.04012328 0.04012328 0.04012328 -9999 -9999 -9999 -9999 -9999 -9999 -9999 -9999 -9999 -9999 -9999 -9999 -9999 -9999 -9999 -9999 -9999 -9999 -9999 -9999 -9999 -9999 -9999 -9999 0.04485424 0.04485421 -9999 0.04485425 0.04485425 0.04485424 0.04485425 -9999 -9999 -9999 -9999 -9999 -9999 -9999
0 -9999 -9999 0.09866516 -9999 -9999 -9999 -9999 -9999 -9999 -9999 0.04012328 0.04012328 0.04012326 0.04012328 0.04012328 0.04012328 0.04012327 0.04012324 0.04012325 0.04012328 0.04012327 0.04012327 0.04012325 0.04012327 0.04012327 0.04012327 0.04012328 0.04012327 0.04012322 0.04012327 0.04012328 0.04012326 -9999 -9999 -9999 -9999 -9999 -9999 -9999 -9999 -9999 -9999 -9999 -9999 0.04485423 0.04485423 -9999 -9999 -9999 -9999 -9999 -9999 -9999 -9999 -9999 -9999 0.04485424 0.04485424 0.04485424 0.04485424 0.04485424 0.04485425 0.04485425 0.04485424 0.04485423 0.04485425 -9999 -9999 -9999 -9999
-9999 -9999 -9999 -9999 -9999 -9999 -9999 -9999 -9999 -9999 -9999 -9999 -9999 -9999 -9999 -9999 -9999 0.04012328 0.04012328 -9999 -9999 -9999 -9999 -9999 -9999 0.04012327 0.04012322 0.04012328 -9999 -9999 -9999 -9999 -9999 -9999 -9999 -9999 -9999 -9999 -9999 -9999 -9999 -9999 -9999 0.04485425 0.04485424 -9999 -9999 -9999 -9999 -9999 -9999 -9999 -9999 -9999 -9999 -9999 -9999 0.04485424 0.04485425 0.04485425 0.04485424 0.04485425 0.04485425 0.04485424 0.04485425 0.04485424 0.04485424 0.04485425 0.04485424 0.04485424 0.04485424
-9999 -9999 -9999 -9999 -9999 -9999 -9999 -9999 -9999 -9999 -9999 -9999 -9999 -9999 -9999 -9999 -9999 -9999 -9999 -9999 -9999 -9999 -9999 -9999 -9999 -9999 -9999 -9999 -9999 -9999 -9999 -9999 -9999 -9999 -9999 -9999 -9999 -9999 -9999 -9999 -9999 -9999 -9999 -9999 -9999 -9999 -9999 -9999 -9999 -9999 -9999 -9999 -9999 -9999 -9999 -9999 -9999 -9999 -9999 -9999 0.04485418 -9999 0.04485424 0.04485424 0.04485425 0.04485423 0.04485424 0.04485425 0.04485425 0.04485425 0.04485425
-9999 -9999 -9999 -9999 -9999 -9999 -9999 -9999 -9999 -9999 -9999 -9999 -9999 -9999 -9999 -9999 -9999 -9999 -9999 -9999 -9999 -9999 -9999 -9999 -9999 -9999 -9999 -9999 -9999 -9999 -9999 -9999 -9999 -9999 0.04012328 -9999 -9999 -9999 -9999 -9999 -9999 -9999 -9999 -9999 -9999 -9999 -9999 -9999 -9999 0.04485423 -9999 -9999 -9999 -9999 -9999 0.04485424 0.04485424 0.04485423 0.04485425 0.04485424 -9999 -9999 0.04485424 0.04485425 -9999 -9999 0.04485422 0.04485424 0.04485424 0.04485425 0.04485425
-9999 -9999 -9999 -9999 -9999 -9999 -9999 -9999 -9999 -9999 -9999 -9999 -9999 -9999 -9999 -9999 -9999 -9999 -9999 -9999 -9999 -9999 -9999 -9999 -9999 0.04012328 0.04012327 0.04012328 0.04012328 0.04012328 0.04012327 0.04012328 0.04012327 0.04012328 0.04012328 0.04012328 0.04012328 -9999 -9999 -9999 -9999 -9999 -9999 -9999 -9999 -9999 -9999 -9999 -9999 -9999 -9999 -9999 -9999 -9999 -9999 0.04485424 0.04485424 -9999 0.04485424 0.04485418 0.04485425 0.04485423 0.04485424 0.04485424 0.04485425 0.04485424 0.04485425 0.04485424 0.04485425 0.04485425 0.04485425
-9999 -9999 -9999 -9999 -9999 -9999 -9999 -9999 -9999 -9999 -9999 -9999 -9999 -9999 -9999 -9999 -9999 -9999 -9999 -9999 -9999 -9999 0.04012328 0.04012328 0.04012328 0.04012327 0.04012328 0.04012328 0.04012327 0.04012328 0.04012328 0.04012328 0.04012328 0.04012328 -9999 -9999 -9999 -9999 -9999 -9999 -9999 -9999 -9999 -9999 -9999 -9999 -9999 -9999 0.04485424 0.04485423 0.04485424 -9999 -9999 0.04485425 0.04485425 0.04485424 0.04485425 0.04485424 0.04485425 0.04485425 0.04485424 0.04485424 0.04485425 0.04485425 0.04485425 0.04485425 0.04485424 0.04485425 0.04485424 0.04485425 0.04485425
-9999 -9999 -9999 -9999 -9999 -9999 -9999 -9999 -9999 -9999 -9999 -9999 -9999 -9999 -9999 -9999 -9999 -9999 -9999 -9999 -9999 0.04012328 0.04012328 0.04012328 0.04012328 0.04012328 0.04012328 0.04012327 -9999 -9999 -9999 -9999 -9999 -9999 -9999 -9999 -9999 -9999 -9999 -9999 -9999 -9999 -9999 -9999 -9999 -9999 0.04485423 -9999 -9999 0.04485425 0.04485424 0.04485424 0.04485424 0.04485424 0.04485425 0.04485425 0.04485425 0.04485424 0.04485425 0.04485425 0.04485425 0.04485425 0.04485424 0.04485424 0.04485425 0.04485424 0.04485425 0.04485425 0.04485424 0.04485425 0.04485425
-9999 -9999 -9999 -9999 -9999 -9999 -9999 -9999 -9999 -9999 -9999 -9999 -9999 -9999 -9999 -9999 -9999 -9999 -9999 -9999 0.04012328 0.04012328 0.04012328 0.04012328 0.04012328 0.04012328 -9999 -9999 -9999 -9999 -9999 -9999 -9999 -9999 -9999 -9999 0.8417899 0.8417899 0.8417898 -9999 -9999 0.84179 0.8417898 0.8417899 -9999 0.04485425 0.04485424 0.04485424 0.04485425 0.04485425 0.04485425 0.04485425 0.04485425 0.04485424 0.04485425 0.04485425 0.04485424 0.04485425 0.04485425 0.04485424 0.04485425 0.04485425 0.04485425 0.04485425 0.04485424 0.04485424 0.04485424 0.04485425 0.04485425 0.04485425 0.04485424
-9999 -9999 -9999 -9999 -9999 -9999 -9999 -9999 -9999 -9999 -9999 -9999 -9999 -9999 -9999 -9999 -9999 -9999 0.04012328 0.04012328 0.04012328 0.04012328 0.04012328 0.04012328 -9999 -9999 -9999 -9999 -9999 -9999 -9999 -9999 -9999 -9999 -9999 0.84179 0.84179 0.8417899 0.84179 0.8417899 -9999 0.84179 0.8417899 0.8417899 0.8417899 0.5509449 0.1130705 0.04485425 0.04485424 0.04485425 0.04485424 0.04485424 0.04485424 0.04485425 0.04485425 0.04485424 0.04485424 0.04485424 0.04485424 0.04485424 0.04485425 0.04485425 0.04485425 0.04485424 0.04485424 0.04485425 0.04485425 0.04485425 0.04485425 0.04485425 0.04485425
-9999 -9999 -9999 -9999 -9999 -9999 -9999 -9999 -9999 -9999 -9999 -9999 -9999 -9999 -9999 -9999 -9999 -9999 0.04012328 0.04012328 0.04012328 0.04012328 0.04012328 0.04012328 -9999 -9999 -9999 -9999 -9999 -9999 -9999 -9999 -9999 0.84179 0.84179 0.8417899 0.8417899 0.84179 0.8417899 0.84179 0.8417899 0.8417899 0.8417899 0.8417899 0.84179 0.8417899 0.6055882 0.1162343 0.04485425 0.04485424 0.04485425 0.04485425 0.04485424 0.04485425 0.04485424 0.04485424 0.04485425 0.04485425 0.04485424 0.04485424 0.04485425 0.04485425 0.04485425 0.04485424 0.04485424 0.04485424 0.04485424 0.04485425 0.04485425 0.04485425 0.04485425
-9999 -9999 -9999 -9999 -9999 -9999 -9999 -9999 -9999 -9999 -9999 -9999 -9999 -9999 -9999 -9999 -9999 -9999 -9999 0.04012328 0.04012328 0.04012328 0.04012328 0.04012328 0.04012327 0.1241432 0.1241431 0.1241432 -9999 -9999 -9999 -9999 -9999 0.8417899 0.84179 0.8417899 0.8417899 0.8417899 0.8417898 0.8417899 0.84179 0.84179 0.8417899 0.84179 0.84179 0.8417899 0.7202793 0.3608468 0.04485424 0.04485425 0.04485424 0.04485425 0.04485424 0.04485425 0.04485425 0.04485425 0.04485425 0.04485425 0.04485425 0.04485425 0.04485424 0.04485425 0.04485425 0.04485424 0.04485424 0.04485425 0.04485425 0.04485425 0.04485425 0.04485425 0.04485425
84.1334 1.681085 1.681085 1.557014 -9999 -9999 -9999 -9999 -9999 -9999 -9999 -9999 -9999 -9999 -9999 0.1241431 0.1241431 0.1241431 -9999 -9999 -9999 -9999 -9999 -9999 -9999 0.1241431 0.1241431 0.1241431 0.1241431 0.1241431 0.1241431 0.2223093 0.8295425 0.8417899 0.84179 0.8417899 0.8417899 0.8417899 0.84179 0.8417899 0.84179 0.84179 0.84179 0.8417899 0.8417899 0.8391598 0.5103914 0.2946078 0.2806726 0.1034063 0.04485424 0.04485425 0.04485425 0.04485425 23.01696 22.49763 0.04485425 0.04485424 0.04485425 0.04485425 0.04485425 0.04454254 0.03820001 0.03328609 0.02877988 0.02683474 0.02493343 0.02852976 0.0307725 0.03488547 0.03663626
66.85985 0.7146796 0.5952552 0.2942516 0.2320356 0.249195 2.490738 -9999 -9999 -9999 0.1241431 0.1241432 0.1241431 0.1241431 -9999 0.1241431 0.1241431 0.1241431 0.1241431 0.1241431 0.1241432 0.1241431 0.1241432 0.1241431 0.1241431 0.1241431 0.1241431 0.1241431 0.1241431 0.1241432 0.1467944 1.235797 1.207608 0.84179 0.84179 0.8417898 0.8417899 0.8417899 0.8417899 0.8417899 0.8417899 0.8417899 0.8417899 0.8417899 0.8417899 0.8417899 0.8417899 0.84179 0.84179 0.5344692 0.04811566 0.04485425 0.04594 0.04749922 1.31051 0.04485425 0.04485424 0.04485425 0.04485425 0.04236935 0.03486056 0.02756831 0.02163726 0.02163726 0.02163726 0.02163726 0.02163726 0.02163726 0.02163726 0.02163726 0.02163726
17.6551 4.530035 0.2500956 0.2320356 0.2320355 0.2320356 0.3792896 0.3400593 0.2885726 -9999 0.1241431 0.1241431 0.1241431 0.1241432 0.1241432 0.1241431 0.1241431 0.1241431 0.1242761 0.8741627 4.627373 0.1247056 0.1247209 0.1247513 0.1247776 0.1247856 0.1246287 0.1247615 0.289121 1.530274 3.442252 4.466599 3.34352 1.014485 0.84179 0.8417899 0.84179 0.84179 0.8417899 0.84179 0.8417899 0.8417899 0.84179 0.8417899 0.84179 0.84179 0.84179 0.84179 0.8148502 0.2706914 0.08544098 0.06412653 0.0838467 0.0880866 0.0703346 0.06397007 0.06523374 0.06272768 0.03439814 0.02206742 0.02163726 0.02163726 0.02163726 0.02163725 0.02163726 0.02163726 0.02163726 0.02163726 0.02163726 0.02163726 0.02163726
0.8409247 0.4399849 0.3409907 0.3328583 0.3212887 0.2981741 0.2930758 0.2434747 0.28837 0.3109494 0.3109494 0.2023675 0.1508919 0.1287491 0.1245 0.1457336 0.17245 0.2239451 0.284569 0.3173196 0.6100225 1.528645 1.579778 1.579778 1.579778 1.513098 1.158803 1.158386 1.178937 2.761872 2.894837 1.784441 0.9007736 0.84179 0.84179 0.8417899 0.84179 0.8417899 0.8417899 0.8417899 0.84179 0.84179 0.84179 0.8417899 0.84179 0.84179 0.8417899 0.8417899 0.84179 0.8306968 0.2510247 0.093587 0.093587 0.093587 0.093587 0.09329711 0.06095245 0.03235024 0.02163726 0.02163725 0.02163726 0.02163726 0.02163726 0.02163726 0.02163726 0.02163726 0.02163726 0.02163725 0.02163726 0.02163726 0.02163726
1.635594 2.037792 1.285003 1.282272 1.282272 -9999 1.282272 1.227922 0.7799485 0.4661199 0.408156 0.3197708 0.3028423 0.2958724 0.2766055 0.3002614 0.310317 0.3173174 0.3173196 0.3579615 0.965077 1.131608 1.707835 1.828554 1.868486 1.874218 1.395012 1.236124 1.985956 1.772491 0.8417898 0.84179 0.8417899 0.8417899 0.8417899 0.84179 0.8417898 0.84179 0.84179 0.8417898 0.84179 0.84179 0.8417898 0.84179 0.8417898 0.8417898 0.84179 0.8417899 0.8417899 0.8417899 0.7578604 0.3137681 0.093587 0.093587 0.093587 0.08690717 0.03465877 0.02163726 0.02163726 0.02163726 0.02163726 0.02163726 0.02163726 0.02163726 0.02163726 0.02163726 0.02163726 0.02163726 0.02163726 0.02163725 0.02163726
2.196532 2.09218 1.589704 1.373986 1.377025 2.482268 55.63723 93.72083 1.395864 1.208238 0.9753065 0.8056021 0.4588473 0.3707152 0.3872143 0.3759761 0.4304436 0.4963884 0.7461801 3.801005 2.88048 1.893562 2.340601 1.593753 1.26478 1.240978 1.791496 3.056759 3.091558 2.766928 1.732268 1.78718 2.088977 2.011722 1.063403 1.391862 1.763513 1.27849 0.8417899 0.8417899 0.8417899 0.8417898 0.8417899 0.8417899 0.8417899 0.84179 0.8417899 0.8417899 0.8417899 0.8417899 0.84179 0.8031678 0.6470404 0.09376898 0.093587 0.093587 0.07878949 0.06046365 0.04498792 0.02226017 0.02163726 0.02163726 0.02163726 0.02163726 0.02163726 0.02163726 0.02163726 0.02163726 0.02163726 0.02163726 0.02163726
3.422488 4.249351 3.190557 1.815862 1.543357 1.545886 1.665684 2.222167 2.169233 1.497265 1.100883 0.9548061 0.8717486 0.8086256 0.6004539 0.5702983 0.5925568 0.8547169 0.9545029 3.842332 7.991925 4.023344 2.323892 0.8827283 0.5604262 0.5362865 2.03911 3.091558 3.091558 3.091558 3.091558 3.091558 3.091558 3.091558 3.091558 3.091558 3.091558 2.940743 1.974968 1.588863 1.456921 1.029384 1.043983 0.8770906 0.8417899 0.8417899 0.84179 0.9672412 0.8607218 0.84179 0.84179 0.84179 0.428036 0.093587 0.093587 0.093587 0.093587 0.093587 0.08250522 0.0251702 0.02163726 0.02163726 0.02163726 0.02163726 0.02163726 0.02163726 0.02163726 0.02163726 0.02163726 0.02163726 0.02163726
5.534033 5.682166 2.504853 1.855194 1.81094 1.898712 1.944094 5.17521 3.384962 1.380246 1.316178 1.020434 0.8576165 0.9213008 0.8531924 1.02024 3.173836 2.295151 1.012951 1.00257 2.66724 3.282867 0.7581912 0.350576 0.350576 0.350576 1.809419 3.091558 3.091558 3.091558 3.091558 3.091558 3.091558 3.091558 3.091558 3.091558 3.091558 3.091558 3.091558 3.091558 3.091558 3.091558 3.091558 3.069694 2.362644 2.069528 2.255207 2.957371 2.697586 2.490821 1.955532 1.035793 0.175536 0.093587 0.093587 0.09358701 0.093587 0.06932757 0.03133162 0.02163726 0.02163726 0.02163726 0.02163726 0.02163726 0.02163726 0.02163726 0.02163726 0.02163726 0.02163726 0.02163726 0.02163726
3.919473 62.87917 4.286141 1.957667 1.988012 1.939465 2.395276 3.518188 4.749361 3.984319 2.77069 2.329758 2.447495 14.91759 9.294423 1.755709 3.060375 45.01218 1.998198 1.029932 1.072988 1.015247 1.003943 0.7896771 0.7700056 0.8245018 1.220091 1.716229 1.941957 2.628566 3.091558 3.091558 3.091558 3.091558 3.091558 3.091558 3.091558 3.091558 3.091558 3.091558 3.091558 3.091558 3.091558 3.091558 3.091558 3.091558 3.091558 3.091558 3.091558 3.091558 3.053981 2.776629 1.251171 0.1560734 0.1507121 0.1393042 0.09437919 0.07903177 0.02270393 0.04926814 0.05105485 0.04721715 0.02539956 0.02163726 0.02163726 0.02163726 0.02163726 0.02163726 0.02163726 0.02163726 0.02163726
8.307842 6.070904 3.124591 2.48835 2.561943 2.789809 3.351764 3.298228 3.042031 3.431962 2.60472 2.040279 5.164461 6.043894 3.783955 2.444335 1.700663 1.214837 1.141568 3.073138 3.333508 3.336319 1.624933 1.372079 1.397982 1.426472 7.001004 4.712418 2.199546 0.8256252 2.684133 3.091558 3.091558 3.091558 3.091558 3.091558 3.091558 3.091558 3.091558 3.091558 3.091558 3.091558 3.091558 2.796369 8.079414 0.8982795 1.095594 1.012817 1.275854 1.022362 0.3736831 0.4413024 0.2563078 0.2563078 0.2563078 0.2563078 0.2416233 0.2191618 0.1975909 0.2284209 0.2361156 0.2347136 0.06695148 0.02163726 0.02163726 0.02163726 0.06567812 0.02191507 0.02163726 0.02163726 0.02163726
7.627788 7.875346 4.781255 3.756107 52.12763 13.11927 59.111 10.05896 4.878444 2.959965 1.98657 2.318937 2.868295 2.881438 2.411294 3.110609 4.2856 2.072379 2.709169 4.091807 3.310525 3.554389 3.421008 45.84444 6.169607 6.597846 5.176491 20.15215 8.04432 0.5851882 0.6151759 2.067546 2.878204 3.091558 2.851801 1.892306 0.6481586 0.7386127 1.153572 2.366748 3.09117 3.091558 2.814736 1.239864 0.2762662 0.2820298 0.2790223 0.2599149 0.263019 0.3025178 0.7092303 0.4346461 0.3835572 0.38888 0.3383704 0.283365 0.2563078 0.2563078 0.2481507 0.2368159 0.2361295 0.413294 0.5618017 0.5043776 0.601825 0.7023262 0.8305726 0.5617068 0.473606 0.2792098 0.06761305
11.31728 9.624218 6.005912 5.490763 6.384913 7.592771 9.55687 7.80268 9.984092 6.058711 3.287394 5.465738 8.455258 3.576939 3.632489 10.35023 90.05821 21.2513 6.630111 23.02072 7.352299 10.07879 21.4263 39.29189 20.76351 10.87195 29.42941 13.61652 5.738242 3.503097 2.308726 1.49776 4.587971 2.256801 1.522558 18.38598 0.8028405 1.020425 0.6454303 0.442625 0.9952357 1.828482 0.9893241 0.2562694 0.2684891 0.2829071 0.2956944 0.3984031 1.273949 2.115062 2.380546 0.5262018 0.4306712 0.7007787 0.6104962 0.2942553 0.2563078 0.2563078 0.2563078 13.29566 1.129567 0.8734038 0.8891511 0.9001523 0.9001522 0.853524 0.722123 0.6610111 0.6185456 7.948067 0.5003051
