data/gpw_v4_population_density_rev11_2010_1_deg.asc
ncols         360
nrows         180
xllcorner     -180
yllcorner     -90
cellsize      1
NODATA_value  -9999
[rows 64 to 95 of 180, columns 142 to 212 of 360]
-9999 -9999 -9999 -9999 -9999 -9999 -9999 -9999 -9999 -9999 -9999 -9999 -9999 -9999 -9999 -9999 -9999 -9999 -9999 -9999 -9999 -9999 -9999 0.05557756 0.03502434 0.02410387 0.04105438 0.04106582 0.04103906 0.04106386 0.04109677 0.07995284 0.3095196 0.1808139 0.1718739 0.17512 0.1751849 0.1751849 0.1751849 0.3213775 0.2603329 0.3744967 0.04415748 0.08181195 0.1317959 0.2128656 0.1778245 0.2865815 0.4838363 0.9724887 0.9184474 0.3773246 0.2962762 0.2962762 0.2962762 0.2962762 0.2962762 0.1510421 0.1212269 0.1212269 0.1212269 0.1212269 0.1212267 0 0 0 6.274158 1.428704 6.74029 0 177.6422
-9999 -9999 -9999 -9999 -9999 -9999 -9999 -9999 -9999 -9999 -9999 -9999 -9999 -9999 -9999 -9999 -9999 -9999 -9999 -9999 -9999 -9999 0.318913 0.06135429 0.01315453 0.009653733 0.02696212 0.02696208 0.02696204 0.026962 0.02696196 0.05475955 0.08050963 0.09605265 0.1382901 0.1526902 0.1579809 0.1636181 0.1697233 0.1317065 0.04415498 0.04415498 0.04415498 0.07095961 0.08900847 0.09367572 0.1431176 0.2779017 0.3574132 0.3445343 0.2962762 0.2962762 0.2962762 0.2962762 0.2962762 0.2962762 0.2962762 0.1518151 0.1212269 0.1212269 0.1212269 0.1212269 0.1212267 0 0 0 0 0 1.032048 0 60.66803
-9999 -9999 -9999 -9999 -9999 -9999 -9999 -9999 -9999 -9999 -9999 -9999 -9999 -9999 -9999 -9999 -9999 -9999 -9999 -9999 -9999 3.182934 8.908415 0.06326712 0.001828137 0.01053268 0.02696023 0.02696023 0.02696023 0.02757537 0.03136306 0.05407041 0.08050962 0.08050962 0.081844 0.113658 0.1484504 0.1508435 0.1508435 0.1059806 0.07760884 0.07034872 0.07704615 1.006953 0.1069388 0.07718937 0.1875379 0.1560746 0.253546 0.2246705 0.2008485 0.261356 0.2962731 0.2653845 0.254657 0.2962761 0.2962761 0.1525881 0.1212269 0.1212269 0.1212269 0.1212269 0.1212267 0 0 0 0 0 0.4147958 0 14.47419
-9999 -9999 -9999 -9999 -9999 -9999 -9999 -9999 -9999 -9999 -9999 -9999 -9999 -9999 -9999 -9999 -9999 -9999 -9999 -9999 -9999 0.2146692 0.1274 0.03248154 0.003136842 3.685574 0.02696023 0.02697252 0.02940552 0.03302572 0.03347642 0.07447613 0.08347861 0.08050962 0.08050962 0.08050962 0.09102882 0.1341778 0.1508435 0.1339013 0.1215919 0.1215919 0.1653659 2.280506 1.040436 0.05003729 0.05003729 0.06858367 0.1935719 0.06355341 0.06332347 0.06865753 0.1085141 0.1611136 0.1099341 0.1546271 0.2444234 0.1531451 0.1212269 0.1212269 0.1212269 0.1212269 0.1212267 0.001337818 0.001649225 0.001878308 0.001931038 0.001347194 0.001809483 0.9951147 0.008867645
-9999 -9999 -9999 -9999 -9999 -9999 -9999 -9999 -9999 -9999 -9999 -9999 -9999 -9999 -9999 -9999 -9999 -9999 -9999 -9999 25.32028 0.2456674 0.1176595 0.1630891 0.1929169 0.1635366 0.02994126 0.03175543 0.03347643 0.03347643 0.04029787 0.09068749 0.09904333 0.08050963 0.08050963 0.08050963 0.08050963 0.09452534 0.1548968 0.2353783 0.1165308 0.1126449 0.533162 2.359013 1.279025 0.09717049 0.1235084 0.1962448 0.2002333 0.06332348 0.06332348 0.06332348 0.06332348 0.1419944 0.1442594 0.1075543 0.1075543 0.1110317 0.1171871 0.1217256 0.1212269 0.1212269 0.1212272 0.270275 0.2702773 0.2702773 0.2702773 0.2702754 0.2702773 0.2702773 1.662091
-9999 -9999 -9999 -9999 -9999 -9999 -9999 -9999 -9999 -9999 -9999 -9999 -9999 -9999 -9999 -9999 -9999 -9999 -9999 -9999 740.8023 0.1444418 0.3496348 0.4805308 2.515797 0.6460076 0.06673145 0.0657842 0.0684651 0.07114519 0.07897537 0.08955672 0.1241953 0.08678799 0.08050962 0.08051253 0.08166882 0.1271735 0.1584827 0.2898088 0.2194851 0.09908327 0.136563 0.1981931 0.4098144 1.355181 0.2021786 0.2021037 0.2004997 0.06332348 0.06332348 0.06332348 0.06332348 0.08834551 0.1764515 0.1271869 0.1075543 0.1076514 0.173249 0.3116431 0.1891415 0.1213635 0.1212272 0.5144095 0.5132273 0.5119938 0.5111957 0.5107152 0.5092518 0.5094985 1.845406
-9999 -9999 -9999 -9999 -9999 -9999 -9999 -9999 -9999 -9999 -9999 -9999 -9999 -9999 -9999 -9999 -9999 -9999 -9999 -9999 -9999 0.3967966 0.3444144 0.4423173 0.7306474 0.2750899 0.6551363 0.06075951 0.05493703 0.05796631 0.08824167 0.08877049 0.1234106 0.1183568 0.08050963 0.1638049 0.2751935 0.09142967 0.3920887 0.7226712 0.3799874 0.1287207 0.2348268 0.4586074 1.506913 1.600192 0.2384987 0.2021037 0.200766 0.06332348 0.06332348 0.06332348 0.06332348 0.09788224 0.1670902 0.1095043 0.1075543 0.2323158 0.3612213 0.3612214 0.3612214 0.3048507 0.8863793 0.8864127 0.8864127 1.721335 2.551078 2.537953 9.635603 2.959399 3.287638
-9999 -9999 -9999 -9999 -9999 -9999 -9999 -9999 -9999 -9999 -9999 -9999 -9999 -9999 -9999 -9999 -9999 -9999 -9999 -9999 -9999 160.7736 52.72065 1.075333 1.301655 1.952539 1.565275 0.1968796 0.04289589 0.06613823 0.08877049 0.08877049 0.1185034 0.2928354 0.1508484 0.189872 0.5802445 1.333818 0.8781024 1.897221 0.5911391 0.1226132 0.6188035 0.7872473 1.589442 1.454646 0.3476103 0.22321 0.3974625 0.06332347 0.06332347 0.06332347 0.06332347 0.1102014 0.2523357 0.274248 0.2745259 0.4918716 0.3695644 0.3612213 0.3612213 0.3612213 0.8863485 0.8864127 0.8864127 1.352438 1.819456 1.811069 1.958108 6.191518 8.74629
-9999 -9999 -9999 -9999 -9999 -9999 -9999 -9999 -9999 -9999 -9999 -9999 58.79662 294.2994 -9999 -9999 -9999 -9999 -9999 -9999 -9999 8.302427 7.965374 3.226685 5.165658 5.505135 2.818379 1.345656 0.6246535 0.3862334 0.08926992 0.08877049 0.1260466 0.1554957 0.5644411 0.6338786 2.864834 2.315839 1.636335 1.228926 0.2012074 0.2553731 0.6481696 0.7806863 0.9171186 3.654821 6.853445 4.565156 3.211787 0.1615852 0.3097249 0.3782898 0.3807825 0.3230394 0.3099654 0.3099924 0.6042226 1.167701 0.7681489 0.3612214 0.3732263 0.386368 0.8863512 0.8864126 0.8864126 1.073603 1.257477 1.848479 3.280853 4.49377 10.61006
-9999 -9999 -9999 -9999 -9999 -9999 -9999 -9999 -9999 -9999 -9999 -9999 98.56958 120.6746 -9999 41.64442 -9999 -9999 -9999 -9999 -9999 39.09367 28.45 22.27632 20.10494 13.88352 10.30347 6.739557 5.519103 4.553557 7.089345 1.19972 1.590294 2.757776 24.92069 6.852438 3.435412 15.70284 4.776778 1.405316 0.5603108 0.3860986 1.318348 3.9633 3.989396 1.179593 1.749773 0.8358108 0.5315994 0.5065014 0.3854501 0.3854501 0.4625266 1.145971 0.7311118 0.3277398 0.9093508 1.205413 0.7690179 0.3612213 3.348545 4.3088 1.410056 0.8864127 0.9347368 2.320992 2.525744 3.410788 3.752683 37.20479 98.77998
-9999 -9999 -9999 -9999 -9999 -9999 -9999 -9999 -9999 -9999 -9999 -9999 -9999 54.06907 244.6332 14.46672 -9999 -9999 -9999 -9999 129.8745 98.05338 28.14742 12.91611 27.75684 24.09951 12.67162 16.10207 21.28056 10.94906 10.04645 6.872451 5.979617 14.04656 19.77857 5.793035 4.289787 2.982346 9.340742 6.176052 4.410907 6.2684 11.68595 19.37619 11.80095 4.708585 9.475522 9.484457 0.5067471 0.5063148 0.38545 0.4043554 1.293226 1.579351 1.644814 1.696678 2.21493 3.613045 5.136995 7.442047 7.839624 4.290205 1.707627 0.8864127 0.8886603 3.362973 3.448818 3.897231 4.764169 6.170475 312.2203
-9999 -9999 -9999 -9999 -9999 -9999 -9999 -9999 -9999 -9999 -9999 -9999 -9999 81.9192 104.9968 -9999 -9999 -9999 -9999 -9999 2298.74 215.8223 99.41471 16.60514 12.52 17.68573 32.2134 18.39519 18.89029 7.317714 9.029758 12.21413 26.17298 38.38211 46.96817 21.72071 18.73339 27.76852 28.55328 34.0433 20.12782 20.38634 37.7952 83.55402 67.1043 49.5859 30.95835 31.02191 7.634665 3.557627 5.042461 6.150796 4.782975 8.779158 2.365486 2.341112 4.029753 5.747203 11.00201 15.10805 15.24698 10.03197 4.914172 12.66449 7.010666 4.13494 3.536281 6.827439 10.4424 20.98591 99.31651
-9999 -9999 -9999 -9999 -9999 -9999 -9999 -9999 -9999 -9999 -9999 -9999 -9999 -9999 -9999 -9999 -9999 -9999 -9999 -9999 -9999 197.0374 76.35958 44.51345 23.87895 11.66835 9.98646 10.91036 16.0161 14.90589 32.47971 53.75159 49.39305 47.3927 38.22847 70.80089 70.44977 52.91308 34.68287 38.24219 128.3326 54.16055 57.706 189.2757 100.8856 153.6398 152.9807 71.36614 24.8721 19.83955 23.56855 31.40239 19.58272 32.61777 12.70642 7.530338 4.422805 6.429302 15.44004 27.64427 41.16575 39.97812 48.44965 30.6785 8.543522 11.73909 15.73951 26.27287 35.9665 29.10716 85.70222
-9999 -9999 -9999 -9999 -9999 -9999 -9999 -9999 -9999 -9999 -9999 -9999 -9999 -9999 -9999 -9999 -9999 -9999 -9999 -9999 -9999 64.27881 55.75376 43.61865 23.73513 14.9427 11.22653 8.951686 12.57511 93.56356 165.4481 40.83428 64.5445 45.92713 44.50655 87.42774 248.8096 86.03699 31.46896 19.65527 33.0435 66.40186 138.9445 115.7926 150.1797 251.3824 444.6487 165.4713 140.2995 42.8739 40.96593 53.79897 87.16169 78.54238 13.83938 12.2385 13.9672 9.519311 7.043068 17.95461 27.45987 21.20631 47.07928 38.3555 12.01989 17.66448 17.20688 19.17206 32.14676 23.25548 28.33849
-9999 -9999 -9999 -9999 -9999 -9999 -9999 -9999 -9999 -9999 -9999 -9999 -9999 -9999 -9999 -9999 -9999 -9999 -9999 -9999 -9999 23.97295 103.2916 15.51833 20.46033 73.99603 21.79092 14.33093 35.92173 36.37821 28.21095 34.76974 52.84301 94.10757 49.33842 43.29506 45.42755 90.88476 43.44917 25.62006 30.25801 50.38572 92.4352 87.00156 75.38314 290.7447 520.5466 202.7365 162.9151 81.26953 38.42578 123.4909 68.27111 22.45902 8.457929 9.013989 11.25342 6.05251 6.793287 7.055539 12.87877 25.58057 61.65314 43.54845 28.22511 15.53088 11.65604 11.72936 12.90696 10.52018 9.893566
-9999 -9999 -9999 -9999 -9999 -9999 -9999 -9999 -9999 -9999 -9999 -9999 -9999 -9999 -9999 -9999 -9999 -9999 -9999 -9999 -9999 -9999 23.81601 59.52683 38.48756 47.55322 23.80826 18.19939 37.25994 15.35173 13.2809 31.88635 44.14273 41.24093 36.05346 45.6585 36.09907 88.88089 76.83572 43.75121 30.37975 28.24191 40.55152 49.96207 52.7094 182.3145 117.5583 79.65996 81.407 143.3131 69.36854 161.0256 125.3354 45.73287 15.81603 10.44364 5.538821 5.758873 6.322457 1.795536 1.902537 17.68776 31.94095 14.20439 20.91455 12.27775 7.847197 6.471217 6.503231 7.46218 8.549112
-9999 -9999 -9999 -9999 -9999 -9999 -9999 -9999 -9999 -9999 -9999 -9999 -9999 -9999 -9999 -9999 -9999 -9999 -9999 -9999 -9999 -9999 -9999 84.9248 315.9839 49.96623 25.79457 27.67103 19.6414 12.10378 13.68235 23.4065 58.72012 12.83789 13.6455 27.01008 16.24667 67.21728 45.78371 70.68653 45.67021 28.606 28.19545 72.97623 100.4659 165.1136 218.5575 129.8286 47.00452 112.2342 115.6138 86.31688 52.03974 68.77599 36.15497 26.42619 14.29331 8.660205 1.724792 1.279219 1.167729 6.45684 10.72712 0.9231939 19.16806 30.9216 21.23947 18.40686 11.26809 23.3695 7.794971
-9999 -9999 -9999 -9999 -9999 -9999 -9999 -9999 -9999 -9999 -9999 -9999 -9999 -9999 -9999 -9999 -9999 -9999 -9999 -9999 -9999 -9999 -9999 -9999 670.8904 72.8932 56.16983 77.48297 30.01829 26.25263 16.23304 21.45445 27.16989 16.44892 14.77025 27.37195 18.32561 34.26553 48.19152 42.85052 41.80642 98.52863 197.9992 92.53874 69.1258 119.7404 99.21549 71.63891 40.79005 59.98637 40.79834 30.1049 14.76067 42.74513 52.82274 42.06416 17.53684 1.261182 0.9424096 0.9931388 0.5125255 2.515665 2.605875 0.9231939 8.052702 22.68131 31.47665 19.53949 16.29769 14.41468 17.56614
-9999 -9999 -9999 -9999 -9999 -9999 -9999 -9999 -9999 -9999 -9999 -9999 -9999 -9999 -9999 -9999 -9999 -9999 -9999 -9999 -9999 -9999 -9999 -9999 68.37731 39.33225 94.33567 21.29888 28.06838 76.44835 72.73908 60.91594 71.47024 59.08833 41.17138 92.94398 77.8802 27.27595 85.44842 87.938 102.0926 342.9132 440.4164 377.6116 182.6965 145.0439 150.0242 112.2131 37.00775 17.46236 9.47259 18.12288 14.53866 19.85155 20.81894 9.506175 7.033332 3.521871 0.6128961 2.538722 1.411715 0.2582993 0.09836823 0.5820042 2.699357 8.896555 14.03228 22.62588 13.61643 13.35634 14.35391
-9999 -9999 -9999 -9999 -9999 -9999 -9999 -9999 -9999 -9999 -9999 -9999 -9999 -9999 -9999 -9999 -9999 -9999 -9999 -9999 -9999 -9999 -9999 -9999 -9999 -9999 37.86551 161.4168 26.59207 36.72296 66.30177 104.9448 108.9654 54.96618 66.57674 89.43983 320.6487 141.0012 133.7403 375.4711 504.5527 1818.68 180.5231 176.9318 367.8125 436.002 201.1765 91.34575 95.82121 37.10529 12.82113 15.69905 13.20949 16.51979 10.59567 13.9212 5.921952 8.529774 1.550443 4.27448 1.883401 0.3056605 0.3489347 0.06307063 3.362823 3.808688 8.278352 16.18192 19.45486 14.81846 10.53036
-9999 -9999 -9999 -9999 -9999 -9999 -9999 -9999 -9999 -9999 -9999 -9999 -9999 -9999 -9999 -9999 -9999 -9999 -9999 -9999 -9999 -9999 -9999 -9999 -9999 -9999 -9999 225.3175 18.05985 11.29574 19.62049 86.56454 68.85323 362.2674 224.5767 64.70442 156.8581 721.8046 201.1398 488.2413 -9999 -9999 223.9925 271.3222 387.1828 777.9124 105.3152 48.09099 165.7224 16.79342 5.636589 12.12478 9.717791 9.26519 7.812856 5.729385 3.216488 8.903043 14.72128 7.831054 1.478809 1.335096 1.027036 3.102641 2.395342 5.885246 11.76202 7.55209 9.861228 16.55839 10.13711
-9999 -9999 -9999 -9999 -9999 -9999 -9999 -9999 -9999 -9999 -9999 -9999 -9999 -9999 -9999 -9999 -9999 -9999 -9999 -9999 -9999 -9999 -9999 -9999 -9999 -9999 -9999 -9999 84.63582 15.5807 46.06118 129.902 73.68879 -9999 -9999 104.7848 825.0261 -9999 -9999 -9999 -9999 -9999 -9999 155.2225 343.5599 828.1594 291.8271 206.7068 19.62808 33.3241 11.01943 9.8305 11.89991 17.94538 9.558311 8.299959 88.27673 21.88607 21.36592 18.3764 13.27842 4.940642 4.810152 2.808761 2.341935 5.248766 10.43208 10.34528 24.34247 24.82272 21.85854
-9999 -9999 -9999 -9999 -9999 -9999 -9999 -9999 -9999 -9999 -9999 -9999 -9999 -9999 -9999 -9999 -9999 -9999 -9999 -9999 -9999 -9999 -9999 -9999 -9999 -9999 -9999 -9999 -9999 -9999 -9999 -9999 -9999 -9999 -9999 -9999 -9999 -9999 -9999 -9999 -9999 -9999 -9999 -9999 -9999 -9999 155.8137 408.7061 20.562 233.7545 11.442 6.303004 6.771116 7.32661 6.749457 8.477735 18.83125 55.62007 30.26777 19.95421 14.24139 6.502881 6.750273 7.717303 9.606189 11.07138 6.864405 17.93135 96.58278 106.293 39.9938
-9999 -9999 -9999 -9999 -9999 -9999 -9999 -9999 -9999 -9999 -9999 -9999 -9999 -9999 -9999 -9999 -9999 -9999 -9999 -9999 -9999 -9999 -9999 -9999 -9999 -9999 -9999 -9999 -9999 -9999 -9999 -9999 -9999 -9999 -9999 -9999 -9999 -9999 -9999 -9999 -9999 -9999 -9999 -9999 -9999 -9999 -9999 27.49992 20.39641 20.14728 9.186688 7.197162 4.563494 4.148947 2.995167 3.678864 28.70684 34.00853 31.81435 32.40131 30.57469 12.24554 9.253356 11.20121 10.93672 22.55472 17.76214 23.1494 162.5407 72.32292 125.8557
-9999 -9999 -9999 -9999 -9999 -9999 -9999 -9999 -9999 -9999 -9999 -9999 -9999 -9999 -9999 -9999 -9999 -9999 -9999 -9999 -9999 -9999 -9999 -9999 -9999 -9999 -9999 -9999 -9999 -9999 -9999 -9999 -9999 -9999 -9999 -9999 -9999 -9999 -9999 -9999 -9999 -9999 -9999 -9999 -9999 48.58441 -9999 46.24075 23.4038 19.09254 3.587485 1.64268 1.879552 1.758849 2.195801 3.772252 10.17163 16.43433 18.37014 21.9439 10.53615 9.755528 11.31206 8.816804 5.118084 11.3834 8.965742 38.44613 139.0142 92.65405 75.53384
-9999 -9999 -9999 -9999 -9999 -9999 -9999 -9999 -9999 -9999 -9999 -9999 -9999 -9999 -9999 -9999 -9999 -9999 -9999 -9999 -9999 -9999 -9999 -9999 -9999 -9999 -9999 -9999 -9999 -9999 -9999 -9999 -9999 -9999 -9999 -9999 -9999 -9999 -9999 -9999 -9999 -9999 -9999 -9999 189.5681 -9999 -9999 117.5977 2.077734 2.329924 1.802686 1.91611 3.227816 2.53561 2.180462 4.146629 15.32455 14.26647 11.67369 11.9022 11.36348 13.89002 27.79988 56.08312 4.317817 5.201404 48.23811 201.43 161.9277 112.5047 428.0018
-9999 -9999 -9999 -9999 -9999 -9999 -9999 -9999 -9999 -9999 -9999 -9999 -9999 -9999 -9999 -9999 -9999 -9999 -9999 -9999 -9999 -9999 -9999 -9999 -9999 -9999 -9999 -9999 -9999 -9999 -9999 -9999 -9999 -9999 -9999 -9999 -9999 -9999 -9999 -9999 -9999 -9999 -9999 -9999 21.21739 -9999 17.85061 19.48888 4.024955 1.817561 2.561242 2.557692 3.654053 3.604822 3.599147 7.409251 37.21075 12.10991 12.31521 12.69284 9.93103 10.73019 8.506936 6.107668 8.592934 7.955645 34.87286 130.5255 187.9172 159.6611 119.6768
-9999 -9999 -9999 -9999 -9999 -9999 -9999 -9999 -9999 -9999 -9999 -9999 -9999 -9999 -9999 -9999 -9999 -9999 -9999 -9999 -9999 -9999 -9999 -9999 -9999 -9999 -9999 -9999 -9999 -9999 -9999 -9999 -9999 -9999 -9999 -9999 -9999 -9999 -9999 -9999 -9999 -9999 -9999 169.5655 -9999 -9999 5.610696 5.164569 2.468157 3.30169 4.672907 21.57174 3.578708 3.955321 7.9782 16.03259 15.42725 9.541841 2.708 4.147438 8.202438 7.995178 7.136722 6.361207 9.538416 12.94964 90.32442 423.5643 276.4505 125.3989 617.2056
-9999 -9999 -9999 -9999 -9999 -9999 -9999 -9999 -9999 -9999 -9999 -9999 -9999 -9999 -9999 -9999 -9999 -9999 -9999 -9999 -9999 -9999 -9999 -9999 -9999 -9999 -9999 -9999 -9999 -9999 -9999 -9999 -9999 -9999 -9999 -9999 -9999 -9999 -9999 -9999 -9999 -9999 -9999 -9999 -9999 -9999 -9999 1.550948 2.968826 5.294066 6.681965 6.882826 4.758896 3.98428 21.39666 9.914014 12.033 9.060667 6.165681 3.922568 0.3637932 0.08725242 0.6911294 18.75327 12.263 12.66705 215.8521 396.1462 251.0853 71.69079 254.9776
-9999 -9999 -9999 -9999 0 122.5684 -9999 -9999 -9999 -9999 -9999 -9999 -9999 -9999 -9999 -9999 -9999 -9999 -9999 -9999 -9999 -9999 -9999 -9999 -9999 -9999 -9999 -9999 -9999 -9999 -9999 -9999 -9999 -9999 -9999 -9999 -9999 -9999 -9999 -9999 -9999 -9999 -9999 -9999 -9999 -9999 -9999 -9999 1.380158 3.762373 9.406682 8.549189 6.603723 3.889855 7.550553 24.02876 11.22181 9.855097 6.149807 5.450705 0.4402201 -9999 0.9996476 11.80599 24.21248 16.98233 53.52885 375.4687 143.0284 40.19827 97.78152
58.00454 29.24144 -9999 -9999 -9999 -9999 -9999 -9999 -9999 -9999 -9999 -9999 -9999 -9999 -9999 -9999 -9999 -9999 -9999 -9999 -9999 -9999 -9999 -9999 -9999 -9999 -9999 -9999 -9999 -9999 -9999 -9999 -9999 -9999 -9999 -9999 -9999 -9999 -9999 -9999 -9999 -9999 -9999 -9999 -9999 -9999 -9999 -9999 -9999 155.2542 14.85655 29.99642 16.46879 642.2499 22.1147 25.07922 55.3764 47.94799 25.18941 29.927 25.66924 6.130924 0.935597 9.759984 31.0773 19.63037 30.45655 190.7856 59.14037 11.70736 54.67747
36.32438 22.77915 182.959 -9999 -9999 -9999 -9999 -9999 -9999 -9999 -9999 -9999 -9999 -9999 -9999 -9999 -9999 -9999 -9999 -9999 -9999 -9999 -9999 -9999 -9999 -9999 -9999 -9999 -9999 -9999 -9999 -9999 -9999 -9999 -9999 -9999 -9999 -9999 -9999 -9999 -9999 -9999 -9999 -9999 -9999 -9999 -9999 -9999 -9999 7.591353 77.51173 80.23683 43.80782 38.69216 24.53167 29.98254 71.48962 42.12102 37.37167 45.84935 120.4011 32.65174 21.43194 20.99918 29.5189 20.23866 16.32132 31.44708 14.05777 15.74602 34.06079
