data/gpw_v4_population_density_rev11_2005_1_deg.asc
ncols         360
nrows         180
xllcorner     -180
yllcorner     -90
cellsize      1
NODATA_value  -9999
[rows 64 to 95 of 180, columns 142 to 212 of 360]
-9999 -9999 -9999 -9999 -9999 -9999 -9999 -9999 -9999 -9999 -9999 -9999 -9999 -9999 -9999 -9999 -9999 -9999 -9999 -9999 -9999 -9999 -9999 0.05662386 0.03568371 0.02449066 0.03596285 0.03596894 0.03594591 0.03596709 0.0359952 0.06447531 0.2352459 0.1483388 0.1416378 0.1459644 0.1460509 0.1460509 0.1460509 0.2715437 0.2319748 0.3457524 0.03747048 0.07145535 0.108291 0.1657783 0.1410779 0.2326901 0.449012 0.9034848 0.853278 0.3505512 0.2752536 0.2752536 0.2752536 0.2752536 0.2752536 0.1403247 0.1126251 0.1126251 0.1126251 0.1126251 0.1126249 0 0 0 5.739398 1.306932 6.1658 0 145.5473
-9999 -9999 -9999 -9999 -9999 -9999 -9999 -9999 -9999 -9999 -9999 -9999 -9999 -9999 -9999 -9999 -9999 -9999 -9999 -9999 -9999 -9999 0.2680423 0.05648018 0.01324065 0.009806875 0.02632498 0.02632495 0.02632492 0.0263249 0.02632487 0.03851158 0.04919321 0.06344432 0.1021105 0.1160687 0.1231205 0.130634 0.1387715 0.1103282 0.03746823 0.03746823 0.03746823 0.06166061 0.07793982 0.08092006 0.1200074 0.2260808 0.312161 0.3135418 0.2752536 0.2752536 0.2752536 0.2752536 0.2752536 0.2752536 0.2752536 0.1410429 0.1126251 0.1126251 0.1126251 0.1126251 0.1126249 0 0 0 0 0 0.9440845 0 55.42833
-9999 -9999 -9999 -9999 -9999 -9999 -9999 -9999 -9999 -9999 -9999 -9999 -9999 -9999 -9999 -9999 -9999 -9999 -9999 -9999 -9999 2.675215 7.488632 0.05675174 0.001562584 0.01028399 0.02632368 0.02632368 0.02632368 0.02691196 0.03053425 0.04209701 0.04919321 0.04919321 0.05041528 0.07955158 0.1114156 0.1136073 0.1136073 0.08360559 0.06546712 0.05939083 0.06499618 0.8912958 0.09360776 0.06560256 0.1541708 0.1282445 0.2065208 0.1875522 0.1878681 0.2432764 0.2752502 0.2362288 0.2300271 0.2752536 0.2752536 0.141761 0.1126251 0.1126251 0.1126251 0.1126251 0.1126249 0 0 0 0 0 0.3794418 0 13.2241
-9999 -9999 -9999 -9999 -9999 -9999 -9999 -9999 -9999 -9999 -9999 -9999 -9999 -9999 -9999 -9999 -9999 -9999 -9999 -9999 -9999 0.2352199 0.1125807 0.04599908 0.003043421 3.31814 0.02632368 0.02633543 0.0286622 0.03212431 0.03255533 0.06481577 0.0546932 0.04919321 0.04919321 0.04919321 0.05882705 0.09834434 0.1136073 0.1070457 0.1022784 0.1022784 0.14117 2.020394 0.9212349 0.0430892 0.0430892 0.05585203 0.1469934 0.06210891 0.06193301 0.06681755 0.1033147 0.107086 0.07174034 0.1213271 0.2189065 0.1422445 0.1126251 0.1126251 0.1126251 0.1126251 0.1126249 0.001205668 0.001486314 0.001692768 0.00174029 0.001214118 0.001630742 0.9091322 0.007871684
-9999 -9999 -9999 -9999 -9999 -9999 -9999 -9999 -9999 -9999 -9999 -9999 -9999 -9999 -9999 -9999 -9999 -9999 -9999 -9999 21.03825 0.2997606 0.1182545 0.1581467 0.2052584 0.1739998 0.02917454 0.03090948 0.03255533 0.03255533 0.03756012 0.07613577 0.07840208 0.04919321 0.04919321 0.04919321 0.04919321 0.0674025 0.1338278 0.2128952 0.09310461 0.09100813 0.4678188 2.090049 1.13094 0.08336317 0.09364892 0.143703 0.1465784 0.06193301 0.06193301 0.06193301 0.06193301 0.09892872 0.09412275 0.07017432 0.07017432 0.07969438 0.1000318 0.1128747 0.1126251 0.1126251 0.1126254 0.2435771 0.2435792 0.2435792 0.2435792 0.2435775 0.2435792 0.2435792 1.475617
-9999 -9999 -9999 -9999 -9999 -9999 -9999 -9999 -9999 -9999 -9999 -9999 -9999 -9999 -9999 -9999 -9999 -9999 -9999 -9999 613.2746 0.1095769 0.2755533 0.3989862 2.509936 0.6635773 0.06595844 0.0650083 0.06770124 0.07039338 0.07000959 0.0741682 0.1090105 0.05898066 0.04919321 0.04920541 0.05405658 0.1142726 0.1517165 0.2717568 0.1927793 0.07392512 0.1138572 0.1685522 0.3555503 1.189574 0.1478023 0.1477349 0.1467431 0.06193301 0.06193301 0.06193301 0.06193301 0.07369985 0.1151266 0.08298372 0.07017431 0.07023769 0.1130372 0.2102597 0.1474479 0.1126952 0.1126254 0.4625439 0.4618527 0.4612153 0.4606996 0.4602666 0.4589477 0.4591701 1.639214
-9999 -9999 -9999 -9999 -9999 -9999 -9999 -9999 -9999 -9999 -9999 -9999 -9999 -9999 -9999 -9999 -9999 -9999 -9999 -9999 -9999 0.5291008 0.3192332 0.3991154 0.8572486 0.3107593 0.6559758 0.06401819 0.05833593 0.06002179 0.073532 0.07312378 0.1069617 0.1079648 0.04919321 0.1059062 0.190105 0.07111463 0.3262796 0.589139 0.306024 0.09326107 0.1857754 0.3745841 1.324149 1.405861 0.1804864 0.1477349 0.1469078 0.06193302 0.06193302 0.06193302 0.06193302 0.07818458 0.1090188 0.0714466 0.07017431 0.1515756 0.2356806 0.2356806 0.2356806 0.206777 0.7248441 0.724875 0.724875 1.514173 2.299081 2.287253 8.683795 2.667068 2.937037
-9999 -9999 -9999 -9999 -9999 -9999 -9999 -9999 -9999 -9999 -9999 -9999 -9999 -9999 -9999 -9999 -9999 -9999 -9999 -9999 -9999 131.352 42.44093 1.024619 1.198418 1.833988 1.581604 0.1826596 0.0476185 0.06054073 0.07312378 0.07312378 0.1017683 0.280272 0.1139053 0.1235645 0.3890352 1.050454 0.7068954 1.299545 0.357193 0.073318 0.5030405 0.6142134 1.392581 1.274886 0.2716913 0.1652653 0.3102253 0.06193301 0.06193301 0.06193301 0.06193301 0.08397777 0.1646376 0.1789344 0.1791157 0.320924 0.2411241 0.2356806 0.2356806 0.2356806 0.7248153 0.724875 0.724875 1.181962 1.639729 1.632171 1.764685 5.579918 7.812113
-9999 -9999 -9999 -9999 -9999 -9999 -9999 -9999 -9999 -9999 -9999 -9999 55.44463 294.7696 -9999 -9999 -9999 -9999 -9999 -9999 -9999 8.201742 7.552288 3.119395 4.578928 5.196962 2.735134 1.205655 0.5977908 0.3262173 0.07366265 0.07312378 0.1109045 0.1517607 0.4991512 0.4780464 2.430657 1.945095 1.145612 0.877782 0.1465156 0.2426194 0.5683669 0.6320673 0.7402271 3.035041 5.671694 3.755986 2.623974 0.1414824 0.210399 0.2517119 0.2532138 0.2132682 0.2022384 0.2022561 0.3942279 0.7618722 0.5011824 0.2356806 0.2435133 0.2520877 0.724817 0.724875 0.724875 0.9308934 1.133263 1.665885 2.956769 4.049874 9.441024
-9999 -9999 -9999 -9999 -9999 -9999 -9999 -9999 -9999 -9999 -9999 -9999 93.94707 114.7103 -9999 40.01561 -9999 -9999 -9999 -9999 -9999 34.77111 25.77223 19.87061 17.90547 12.45047 8.899996 5.944674 4.954746 3.886847 6.281588 1.17396 1.451035 2.323193 21.15529 5.542396 2.660406 12.74037 3.729465 1.103066 0.446261 0.3230498 0.9715543 2.652072 2.545577 0.9298497 1.399487 0.637573 0.4241069 0.4207193 0.2560262 0.2560262 0.3202382 0.8911326 0.5500713 0.2168998 0.5933102 0.7968855 0.5017493 0.2356806 2.184774 2.811297 1.153004 0.7248751 0.7679908 2.023456 2.225402 3.02255 3.322055 32.53423 86.4132
-9999 -9999 -9999 -9999 -9999 -9999 -9999 -9999 -9999 -9999 -9999 -9999 -9999 53.5758 234.3731 9.805376 -9999 -9999 -9999 -9999 112.5487 84.9726 24.39243 11.19304 24.05354 20.53701 11.26548 13.53971 18.60194 9.593674 8.720887 5.500823 3.984114 12.04232 16.91829 4.746912 3.185089 2.206025 7.628259 4.893666 3.52924 5.235252 9.249808 13.93571 7.063471 3.609498 7.742945 7.748378 0.4210536 0.4204654 0.2560262 0.2717761 1.012289 1.250658 1.302497 1.340985 1.734496 3.01865 3.74512 5.421019 5.652458 3.303973 1.396018 0.7248751 0.7268804 2.93451 3.011103 3.402605 4.159513 5.387565 273.7755
-9999 -9999 -9999 -9999 -9999 -9999 -9999 -9999 -9999 -9999 -9999 -9999 -9999 81.70424 103.3742 -9999 -9999 -9999 -9999 -9999 1992.077 187.0306 86.15233 14.38994 10.84977 15.17459 25.85694 15.732 15.73926 6.270483 7.909203 9.805724 21.70387 33.42723 41.57585 18.37753 15.63589 23.4565 22.99405 29.93229 17.27232 17.31066 31.33021 68.22299 53.84339 41.68212 25.50191 24.28432 6.142627 2.877128 3.692309 4.854517 3.887557 6.952048 1.873183 1.908212 3.418186 4.874991 8.473181 11.18742 12.87254 8.442245 4.018626 10.35655 5.73306 3.566966 3.087465 5.960917 9.117077 18.6031 90.16127
-9999 -9999 -9999 -9999 -9999 -9999 -9999 -9999 -9999 -9999 -9999 -9999 -9999 -9999 -9999 -9999 -9999 -9999 -9999 -9999 -9999 165.4099 66.95334 39.03442 20.74938 10.10224 8.129226 9.590895 13.73011 13.10679 28.71153 46.05317 42.81707 41.19592 33.60562 62.85708 61.67263 46.24576 29.70433 31.6574 109.9959 47.54074 49.72586 162.1098 84.56998 128.3331 124.7067 54.78492 20.70938 16.52223 19.60507 25.87778 16.4489 26.98864 10.13862 6.256732 3.751588 5.453362 12.45084 22.17274 40.21563 34.28569 39.81293 25.08773 6.986572 10.07394 13.74189 22.93838 31.40172 25.51879 76.79907
-9999 -9999 -9999 -9999 -9999 -9999 -9999 -9999 -9999 -9999 -9999 -9999 -9999 -9999 -9999 -9999 -9999 -9999 -9999 -9999 -9999 56.50055 49.45417 38.79817 20.94232 13.1642 9.78677 7.719272 10.53141 73.46145 121.3387 34.44107 53.64534 39.5642 40.14706 80.08821 194.0239 75.90206 26.34232 16.21193 28.14525 56.93676 119.5316 99.80181 129.437 217.1582 380.4801 142.4989 120.525 36.22072 34.67559 45.57642 73.73185 66.17976 11.97529 10.41905 11.7245 7.987475 5.670199 14.73903 26.65706 20.34573 38.05751 30.98124 9.81307 15.35676 15.257 17.52023 28.93373 21.5993 25.22069
-9999 -9999 -9999 -9999 -9999 -9999 -9999 -9999 -9999 -9999 -9999 -9999 -9999 -9999 -9999 -9999 -9999 -9999 -9999 -9999 -9999 23.08687 89.62031 13.55227 18.42164 70.05895 21.07785 12.51069 27.31987 31.22247 24.01708 30.36794 43.83265 79.09277 42.54668 38.38513 39.01147 80.33579 35.87915 21.09919 23.9887 41.63117 79.44486 74.75095 64.99358 250.7109 443.7866 174.5461 139.0612 68.74171 32.52615 104.7182 58.50695 19.34431 7.318927 7.695344 9.439195 5.160552 5.790751 5.756235 11.16577 22.35184 49.76239 35.14947 22.79686 13.80333 11.53315 11.65268 12.82258 10.4514 8.739477
-9999 -9999 -9999 -9999 -9999 -9999 -9999 -9999 -9999 -9999 -9999 -9999 -9999 -9999 -9999 -9999 -9999 -9999 -9999 -9999 -9999 -9999 21.99821 54.52283 35.36752 44.40353 21.29404 15.44028 31.6172 12.95259 11.08613 25.49832 35.88885 31.98498 29.91081 41.21707 32.27742 80.5425 64.32399 37.73815 25.63445 22.85961 34.60705 42.44727 45.07989 157.4143 101.3164 67.94186 69.44006 122.0769 59.35754 138.4747 108.8832 40.29393 13.7106 8.968445 4.691624 4.902241 5.417527 1.559885 1.742806 14.52374 25.78066 11.48441 16.88144 10.58984 7.795895 6.261117 6.339386 7.199284 7.211273
-9999 -9999 -9999 -9999 -9999 -9999 -9999 -9999 -9999 -9999 -9999 -9999 -9999 -9999 -9999 -9999 -9999 -9999 -9999 -9999 -9999 -9999 -9999 76.88565 271.1556 45.90578 23.52716 24.71488 17.91384 10.00678 12.32408 20.35092 50.17208 10.14279 11.18503 24.48392 15.95448 57.31332 38.71404 62.9359 35.45563 24.12572 24.16116 62.0085 83.32914 127.7022 189.2554 112.1201 40.43638 96.57444 100.5098 71.13643 44.3255 59.91864 31.87935 22.76965 12.22971 7.413003 1.496152 1.158809 1.061834 5.303816 8.675064 0.8042596 17.73464 30.09205 19.82817 15.10427 9.36026 19.52529 6.462308
-9999 -9999 -9999 -9999 -9999 -9999 -9999 -9999 -9999 -9999 -9999 -9999 -9999 -9999 -9999 -9999 -9999 -9999 -9999 -9999 -9999 -9999 -9999 -9999 586.9351 67.84861 52.06806 76.06519 29.43783 22.80585 14.62243 18.23052 23.81604 13.86827 13.43822 24.79438 16.31322 28.54933 41.07422 35.60946 35.14396 84.0001 170.8391 80.04503 56.11911 86.80799 86.09534 62.19806 35.48376 52.21283 35.67435 24.32781 11.92146 37.00969 45.0842 35.81438 15.04164 1.131614 0.8568784 0.903006 0.4660356 2.101085 2.139319 0.8042597 8.112103 22.22867 29.41272 16.83161 13.43633 12.06559 14.64752
-9999 -9999 -9999 -9999 -9999 -9999 -9999 -9999 -9999 -9999 -9999 -9999 -9999 -9999 -9999 -9999 -9999 -9999 -9999 -9999 -9999 -9999 -9999 -9999 63.44471 37.22245 82.41304 19.21325 27.55794 70.04285 64.27746 54.16555 63.52571 52.71701 37.45982 83.31092 70.38109 23.68205 75.72528 75.40949 86.78873 292.3157 377.705 326.5247 158.6035 125.6029 129.7809 97.16528 32.26317 15.12885 8.08583 15.20963 11.76525 17.09844 18.3425 8.418973 6.395251 3.202302 0.5572786 2.308444 1.283667 0.2348706 0.08941571 0.5078884 2.36187 7.750419 12.75632 20.46773 11.4881 11.18206 12.01692
-9999 -9999 -9999 -9999 -9999 -9999 -9999 -9999 -9999 -9999 -9999 -9999 -9999 -9999 -9999 -9999 -9999 -9999 -9999 -9999 -9999 -9999 -9999 -9999 -9999 -9999 34.0988 139.7928 24.87629 33.23075 54.74867 93.60109 93.96286 50.43998 60.46017 82.21092 270.0756 127.1078 118.2691 320.0793 426.586 1556.707 155.5843 154.5903 320.3032 379.9594 174.9836 80.15739 86.84319 32.05814 10.54517 13.54521 11.89297 15.02462 9.634448 12.65864 5.38475 7.755785 1.409793 3.88674 1.712558 0.2779226 0.3172644 0.0573469 2.862147 3.251901 7.353971 14.49603 17.33433 12.66135 8.81612
-9999 -9999 -9999 -9999 -9999 -9999 -9999 -9999 -9999 -9999 -9999 -9999 -9999 -9999 -9999 -9999 -9999 -9999 -9999 -9999 -9999 -9999 -9999 -9999 -9999 -9999 -9999 210.4209 16.32875 10.11158 17.25507 74.28921 61.53001 323.576 201.3096 60.56276 137.8402 614.0793 176.7724 465.6103 -9999 -9999 193.6229 232.6661 333.2914 671.4407 91.67151 45.24036 152.2299 14.79756 4.834902 10.3667 8.463307 8.424653 7.104037 5.209597 2.92467 7.995181 13.38584 7.120496 1.344589 1.213914 0.9254244 2.780834 2.141875 4.9054 9.821292 6.340375 8.131789 13.35429 5.798373
-9999 -9999 -9999 -9999 -9999 -9999 -9999 -9999 -9999 -9999 -9999 -9999 -9999 -9999 -9999 -9999 -9999 -9999 -9999 -9999 -9999 -9999 -9999 -9999 -9999 -9999 -9999 -9999 76.7794 15.34612 40.91 113.2014 59.17957 -9999 -9999 100.584 647.1901 -9999 -9999 -9999 -9999 -9999 -9999 132.6625 293.6269 707.2629 251.5245 173.3734 18.77605 31.21886 10.27841 8.704378 10.77606 16.31852 8.691066 7.546918 78.16309 18.16273 18.13487 16.35454 11.8284 4.15008 3.947119 2.300769 1.918373 4.320418 8.671242 8.492135 19.55437 19.61596 10.47071
-9999 -9999 -9999 -9999 -9999 -9999 -9999 -9999 -9999 -9999 -9999 -9999 -9999 -9999 -9999 -9999 -9999 -9999 -9999 -9999 -9999 -9999 -9999 -9999 -9999 -9999 -9999 -9999 -9999 -9999 -9999 -9999 -9999 -9999 -9999 -9999 -9999 -9999 -9999 -9999 -9999 -9999 -9999 -9999 -9999 -9999 142.5023 326.3925 18.44698 183.7401 10.54675 5.819273 6.183768 6.650038 5.741212 6.705047 15.79955 46.13372 25.10541 16.5509 11.80066 5.338252 5.529419 6.321554 7.868815 9.069014 5.62291 14.68829 80.94791 91.41501 30.92915
-9999 -9999 -9999 -9999 -9999 -9999 -9999 -9999 -9999 -9999 -9999 -9999 -9999 -9999 -9999 -9999 -9999 -9999 -9999 -9999 -9999 -9999 -9999 -9999 -9999 -9999 -9999 -9999 -9999 -9999 -9999 -9999 -9999 -9999 -9999 -9999 -9999 -9999 -9999 -9999 -9999 -9999 -9999 -9999 -9999 -9999 -9999 24.32167 18.01993 17.67395 8.019347 6.405154 4.183175 3.747127 2.093127 1.706583 23.46066 28.20816 26.38821 26.87506 25.35435 10.09888 7.579795 9.175362 8.958707 18.47548 14.54968 18.9626 134.3962 59.99089 107.9965
-9999 -9999 -9999 -9999 -9999 -9999 -9999 -9999 -9999 -9999 -9999 -9999 -9999 -9999 -9999 -9999 -9999 -9999 -9999 -9999 -9999 -9999 -9999 -9999 -9999 -9999 -9999 -9999 -9999 -9999 -9999 -9999 -9999 -9999 -9999 -9999 -9999 -9999 -9999 -9999 -9999 -9999 -9999 -9999 -9999 44.26014 -9999 42.98709 22.14095 17.04241 2.910302 1.461332 1.609773 1.603416 1.578355 1.817429 8.389465 13.63135 15.23699 18.20123 8.70883 7.991145 9.266162 7.222199 4.192429 9.324601 7.3442 31.49277 113.2506 75.48684 64.61349
-9999 -9999 -9999 -9999 -9999 -9999 -9999 -9999 -9999 -9999 -9999 -9999 -9999 -9999 -9999 -9999 -9999 -9999 -9999 -9999 -9999 -9999 -9999 -9999 -9999 -9999 -9999 -9999 -9999 -9999 -9999 -9999 -9999 -9999 -9999 -9999 -9999 -9999 -9999 -9999 -9999 -9999 -9999 -9999 168.1094 -9999 -9999 99.67201 1.7292 1.92284 1.574143 1.669973 2.37231 2.27385 1.849842 2.378678 12.71085 11.83323 9.682671 9.872208 9.420396 11.37966 22.772 45.93994 3.536897 4.236816 38.75995 164.099 136.6697 92.76464 359.6852
-9999 -9999 -9999 -9999 -9999 -9999 -9999 -9999 -9999 -9999 -9999 -9999 -9999 -9999 -9999 -9999 -9999 -9999 -9999 -9999 -9999 -9999 -9999 -9999 -9999 -9999 -9999 -9999 -9999 -9999 -9999 -9999 -9999 -9999 -9999 -9999 -9999 -9999 -9999 -9999 -9999 -9999 -9999 -9999 20.34857 -9999 15.78886 16.81492 3.446714 1.575412 2.157992 1.896687 2.603388 3.403124 3.461408 5.719791 30.90207 10.07774 10.21477 10.528 8.237118 8.821262 6.968373 5.003037 7.01058 6.463243 27.98845 112.4348 167.9312 145.065 101.9803
-9999 -9999 -9999 -9999 -9999 -9999 -9999 -9999 -9999 -9999 -9999 -9999 -9999 -9999 -9999 -9999 -9999 -9999 -9999 -9999 -9999 -9999 -9999 -9999 -9999 -9999 -9999 -9999 -9999 -9999 -9999 -9999 -9999 -9999 -9999 -9999 -9999 -9999 -9999 -9999 -9999 -9999 -9999 166.9362 -9999 -9999 4.962658 4.566341 2.180392 2.927364 3.861593 14.85795 3.096825 4.55354 7.395306 13.74813 13.54811 8.37267 2.253861 3.440066 6.803461 6.624142 5.860168 5.206588 7.771377 10.44833 73.06169 378.1556 233.8957 113.9073 538.7598
-9999 -9999 -9999 -9999 -9999 -9999 -9999 -9999 -9999 -9999 -9999 -9999 -9999 -9999 -9999 -9999 -9999 -9999 -9999 -9999 -9999 -9999 -9999 -9999 -9999 -9999 -9999 -9999 -9999 -9999 -9999 -9999 -9999 -9999 -9999 -9999 -9999 -9999 -9999 -9999 -9999 -9999 -9999 -9999 -9999 -9999 -9999 1.371813 2.658532 5.13123 7.741792 5.303301 5.252668 5.12485 19.3975 8.854709 10.74728 8.09254 5.424839 2.97506 0.2826515 0.07237098 0.5630267 15.27785 10.01385 10.55574 182.4346 354.0102 215.1759 61.17978 212.5683
-9999 -9999 -9999 -9999 0 108.2745 -9999 -9999 -9999 -9999 -9999 -9999 -9999 -9999 -9999 -9999 -9999 -9999 -9999 -9999 -9999 -9999 -9999 -9999 -9999 -9999 -9999 -9999 -9999 -9999 -9999 -9999 -9999 -9999 -9999 -9999 -9999 -9999 -9999 -9999 -9999 -9999 -9999 -9999 -9999 -9999 -9999 -9999 1.240639 3.383962 10.43376 8.241841 12.04618 10.24071 7.428515 21.4613 10.02276 8.802087 5.184348 3.965948 0.3203054 -9999 0.8143603 9.617715 19.72463 14.11316 44.68871 327.9254 125.5029 33.17039 83.34353
54.06402 27.61996 -9999 -9999 -9999 -9999 -9999 -9999 -9999 -9999 -9999 -9999 -9999 -9999 -9999 -9999 -9999 -9999 -9999 -9999 -9999 -9999 -9999 -9999 -9999 -9999 -9999 -9999 -9999 -9999 -9999 -9999 -9999 -9999 -9999 -9999 -9999 -9999 -9999 -9999 -9999 -9999 -9999 -9999 -9999 -9999 -9999 -9999 -9999 195.6239 13.13862 30.67754 20.26454 593.6248 19.77734 22.39952 49.45947 42.82478 18.99366 21.77497 18.68415 4.845275 0.754941 7.9489 25.3167 16.00794 25.24835 167.7096 51.90903 9.517895 47.04962
33.92869 21.70206 167.413 -9999 -9999 -9999 -9999 -9999 -9999 -9999 -9999 -9999 -9999 -9999 -9999 -9999 -9999 -9999 -9999 -9999 -9999 -9999 -9999 -9999 -9999 -9999 -9999 -9999 -9999 -9999 -9999 -9999 -9999 -9999 -9999 -9999 -9999 -9999 -9999 -9999 -9999 -9999 -9999 -9999 -9999 -9999 -9999 -9999 -9999 6.550074 59.08355 78.68975 42.95697 39.35088 23.1533 26.77893 63.85101 37.60733 28.11492 33.36011 87.64848 25.63689 17.21674 16.86909 19.61103 13.09953 10.59398 24.83381 12.287 12.96816 29.23117
