data/gpw_v4_population_density_rev11_2010_1_deg.asc
ncols         360
nrows         180
xllcorner     -180
yllcorner     -90
cellsize      1
NODATA_value  -9999
[rows 32 to 63 of 180, columns 142 to 212 of 360]
-9999 -9999 -9999 -9999 -9999 -9999 -9999 -9999 -9999 -9999 -9999 -9999 -9999 -9999 -9999 -9999 -9999 -9999 -9999 -9999 -9999 -9999 -9999 -9999 -9999 -9999 -9999 -9999 -9999 2.50939 6.433894 4.803237 2.586706 20.61966 22.74155 97.19067 89.5817 -9999 -9999 -9999 -9999 -9999 -9999 -9999 18.69188 49.14806 26.67727 125.4973 72.7589 486.1579 104.4258 20.8335 38.25367 12.31348 18.30343 9.813413 19.43702 4.812034 -9999 25.24596 12.813 59.23957 60.31032 17.78933 12.50111 12.12314 41.47985 6.89201 5.505445 7.344624 5.200861
-9999 -9999 -9999 -9999 -9999 -9999 -9999 -9999 -9999 -9999 -9999 -9999 -9999 -9999 -9999 -9999 -9999 -9999 -9999 -9999 -9999 -9999 -9999 -9999 -9999 -9999 -9999 -9999 -9999 -9999 14.78472 3.873055 8.098892 8.274733 113.0475 114.559 -9999 -9999 -9999 -9999 -9999 -9999 -9999 -9999 -9999 -9999 60.43953 73.72333 162.6997 57.51491 161.6307 27.2294 43.20213 23.94744 39.90169 -9999 6.439638 -9999 130.2575 27.48446 25.16191 47.95684 92.96768 18.96419 12.48415 15.59686 8.148191 6.973613 21.19257 5.412675 6.735672
-9999 -9999 -9999 -9999 -9999 -9999 -9999 -9999 -9999 -9999 -9999 -9999 -9999 -9999 -9999 -9999 -9999 -9999 -9999 -9999 -9999 -9999 -9999 -9999 -9999 -9999 -9999 -9999 -9999 29.49576 73.09124 55.13115 10.87066 325.2265 169.5862 27.9573 240.8975 -9999 -9999 -9999 -9999 -9999 -9999 -9999 -9999 -9999 57.55658 101.0186 143.1465 111.7358 645.405 143.3852 52.42076 62.4766 -9999 -9999 -9999 -9999 38.36015 67.70213 27.64385 38.28859 40.72109 22.02021 32.24218 16.37534 34.06824 14.87984 62.18912 7.630717 11.65458
-9999 -9999 -9999 -9999 -9999 -9999 -9999 -9999 -9999 -9999 -9999 -9999 -9999 -9999 -9999 -9999 -9999 -9999 -9999 -9999 -9999 -9999 -9999 -9999 -9999 -9999 -9999 19.89709 18.82664 25.79685 44.09015 112.9061 344.7337 50.64653 91.20313 60.33025 355.0186 96.78094 -9999 -9999 -9999 -9999 -9999 -9999 -9999 572.8524 67.80612 116.8055 207.4907 73.40363 126.272 113.8515 87.23219 101.5061 90.90418 63.33636 307.0133 119.9421 116.249 37.04723 34.06135 76.54161 40.90926 101.4231 33.07127 28.39322 46.18849 17.16001 35.9798 17.33442 54.82829
-9999 -9999 -9999 -9999 -9999 -9999 -9999 -9999 -9999 -9999 -9999 -9999 -9999 -9999 -9999 -9999 -9999 -9999 -9999 -9999 -9999 -9999 -9999 -9999 -9999 -9999 -9999 23.04737 37.39606 30.76549 43.04187 294.9399 122.7836 107.5642 409.7843 855.3338 653.892 189.9421 94.59248 -9999 -9999 -9999 74.36884 214.8814 239.3926 146.6763 303.5355 260.0714 305.5051 66.0101 41.59039 47.04784 133.6688 47.5743 50.43081 73.69144 153.579 68.92641 71.66518 50.57835 55.21868 115.0002 30.04556 45.19609 41.07932 294.2569 22.42002 43.9918 67.00161 17.18451 15.267
-9999 -9999 -9999 -9999 -9999 -9999 -9999 -9999 -9999 -9999 -9999 -9999 -9999 -9999 -9999 -9999 -9999 -9999 -9999 -9999 -9999 -9999 -9999 -9999 -9999 -9999 -9999 18.63863 35.06789 51.081 46.56514 58.64629 41.73203 55.88379 27.43401 301.2619 658.7366 253.2582 145.5857 220.9367 -9999 -9999 1174.863 491.5807 252.4786 167.581 229.7479 248.0463 176.5391 93.41278 64.24764 590.275 58.09736 66.43114 153.8069 106.3539 107.3859 101.7939 224.4527 243.1935 61.7789 76.38889 28.20334 25.73916 39.12714 33.25227 16.86243 35.07318 68.72208 52.30785 29.7704
-9999 -9999 -9999 -9999 -9999 -9999 -9999 -9999 -9999 -9999 -9999 -9999 -9999 -9999 -9999 -9999 -9999 -9999 -9999 -9999 -9999 -9999 -9999 -9999 -9999 -9999 -9999 13.2939 16.65477 151.0019 65.156 -9999 63.57027 137.9603 323.9996 307.2184 202.4724 1371.787 669.7847 495.5739 464.5687 354.4676 662.5972 452.3751 720.9697 736.8015 211.2168 162.9365 119.108 142.0109 202.6985 156.6646 108.0112 96.64616 153.3983 136.7664 92.97129 213.0625 87.74596 118.0594 130.7776 42.61698 37.38295 33.71448 35.06509 19.68816 19.10676 14.42043 17.02997 67.65643 22.86878
-9999 -9999 -9999 -9999 -9999 -9999 -9999 -9999 -9999 -9999 -9999 -9999 -9999 -9999 -9999 -9999 -9999 -9999 -9999 -9999 -9999 -9999 -9999 -9999 -9999 -9999 -9999 -9999 -9999 -9999 -9999 -9999 237.5443 142.9165 165.8157 149.2727 737.075 570.4733 365.4514 153.0625 207.5237 433.0301 478.1459 272.0048 293.1583 349.1879 448.1893 126.969 132.4494 137.9902 214.6163 133.2419 292.542 144.9049 127.7264 100.6155 312.3262 327.1147 155.5889 136.6877 108.0474 70.11697 70.36555 80.53481 88.04131 45.17052 74.73201 39.06849 475.7263 41.50223 35.43149
-9999 -9999 -9999 -9999 -9999 -9999 -9999 -9999 -9999 -9999 -9999 -9999 -9999 -9999 -9999 -9999 -9999 -9999 -9999 -9999 -9999 -9999 -9999 -9999 -9999 -9999 -9999 -9999 -9999 -9999 -9999 134.6024 84.76986 -9999 -9999 749.8672 95.76362 177.5151 139.8068 150.76 210.85 82.4257 71.69358 75.19782 252.8878 188.9702 486.262 195.8017 153.5784 194.0797 90.85022 83.40253 93.96651 79.17448 145.5891 142.8031 258.4148 164.7177 148.988 112.4649 68.63953 146.5518 134.2177 89.0362 64.85062 56.76873 108.0061 36.53249 69.05888 57.10944 77.44046
-9999 -9999 -9999 -9999 -9999 -9999 -9999 -9999 -9999 -9999 -9999 -9999 -9999 -9999 -9999 -9999 -9999 -9999 -9999 -9999 -9999 -9999 -9999 -9999 -9999 -9999 -9999 -9999 -9999 -9999 -9999 -9999 43.92119 171.9984 59.56828 93.73032 138.7168 57.02054 57.75557 122.6934 1275.926 53.69902 50.91995 35.37851 103.0049 231.5913 258.3307 415.5376 196.4431 378.4906 132.889 104.1346 131.5695 65.10204 314.0461 173.1517 110.2955 75.05672 95.09302 119.8534 104.5233 77.11866 101.1085 113.4671 87.33035 64.3744 53.74259 47.71025 51.90273 30.7347 55.09393
-9999 -9999 -9999 -9999 -9999 -9999 -9999 -9999 -9999 -9999 -9999 -9999 -9999 -9999 -9999 -9999 -9999 -9999 -9999 -9999 -9999 -9999 -9999 -9999 -9999 -9999 -9999 -9999 -9999 -9999 -9999 -9999 -9999 205.4739 163.4599 128.2434 146.3143 100.1063 101.4235 80.61588 55.18764 36.80662 26.89673 70.32791 102.2688 288.2226 388.6088 226.1676 82.832 108.792 87.31579 73.95718 32.64508 91.3572 103.6684 85.94822 165.3782 319.1149 70.49278 118.5823 74.85842 79.38277 51.63506 42.74711 113.4515 122.9822 138.4394 60.28228 22.84597 30.74772 25.27649
-9999 -9999 -9999 -9999 -9999 -9999 -9999 -9999 -9999 -9999 -9999 -9999 -9999 -9999 -9999 -9999 -9999 -9999 -9999 -9999 -9999 -9999 -9999 -9999 -9999 -9999 -9999 -9999 -9999 -9999 -9999 -9999 -9999 -9999 -9999 115.2097 122.9911 64.40738 54.28656 33.67835 30.51709 43.14249 86.5687 61.05149 239.8935 133.4349 54.98604 51.26027 24.17978 93.52317 41.13422 67.78114 121.0129 117.6437 90.73002 59.34857 88.73929 72.2702 77.49883 73.94702 29.74833 96.07306 82.38158 43.96949 99.55926 69.71392 99.14405 87.08663 241.0071 63.80524 138.5876
-9999 -9999 -9999 -9999 -9999 -9999 -9999 -9999 -9999 -9999 -9999 -9999 -9999 -9999 -9999 -9999 -9999 -9999 -9999 -9999 -9999 -9999 -9999 -9999 -9999 -9999 -9999 -9999 -9999 -9999 -9999 -9999 -9999 -9999 -9999 -9999 77.99463 66.04726 55.72546 63.58004 18.8399 81.19483 304.1667 181.7046 61.55691 239.2655 295.4107 745.9615 250.7533 292.8419 372.5646 171.564 65.17525 114.3014 97.37084 48.37026 78.03485 107.2221 63.9225 84.99845 41.35844 56.3413 73.98022 115.0031 67.4558 99.8148 93.01792 32.60125 35.73133 -9999 23.5156
-9999 -9999 -9999 -9999 -9999 -9999 -9999 -9999 -9999 -9999 -9999 -9999 -9999 -9999 -9999 -9999 -9999 -9999 -9999 -9999 -9999 -9999 -9999 -9999 -9999 -9999 -9999 -9999 -9999 -9999 -9999 -9999 -9999 -9999 -9999 -9999 64.59006 133.7631 56.76359 40.67117 38.52999 18.55602 98.15527 28.9977 19.42973 98.58808 227.2626 100.2748 196.1125 194.3507 264.3808 235.578 25.70892 30.28891 36.73312 83.3243 103.72 85.47781 264.0371 47.33856 48.77626 84.84664 98.35856 127.1782 301.6642 47.25658 94.80737 3.451886 -9999 -9999 -9999
-9999 -9999 -9999 -9999 -9999 -9999 -9999 -9999 -9999 -9999 -9999 -9999 -9999 -9999 -9999 -9999 -9999 -9999 -9999 -9999 -9999 -9999 -9999 -9999 -9999 -9999 -9999 -9999 54.80376 196.2948 38.66151 25.78583 186.5922 46.55136 194.1639 385.3203 127.1926 65.92591 43.92422 161.6223 60.11159 169.014 198.5567 347.4766 114.1124 453.3575 445.7041 18.57751 247.0038 184.636 113.5942 217.9754 -9999 55.12986 81.20702 57.27076 67.59064 36.28271 70.71127 103.529 36.19256 47.48871 59.25574 62.22795 59.12906 81.27891 49.94016 -9999 -9999 -9999 -9999
-9999 -9999 -9999 -9999 -9999 -9999 -9999 -9999 -9999 -9999 -9999 -9999 -9999 -9999 -9999 -9999 -9999 -9999 -9999 -9999 -9999 -9999 -9999 -9999 -9999 -9999 -9999 -9999 111.2606 163.3547 42.32001 21.69499 37.74826 12.76972 29.37791 72.67204 64.61092 13.03049 10.43306 27.8495 74.6727 151.2695 -9999 -9999 415.6937 -9999 17.30146 38.37214 118.1503 55.87822 124.1819 88.37043 256.605 195.5589 43.54321 30.22141 48.32512 60.43979 122.9207 139.8257 34.60001 184.5612 92.7103 64.54759 41.31649 58.82363 18.93423 -9999 -9999 -9999 -9999
-9999 -9999 -9999 -9999 -9999 -9999 -9999 -9999 -9999 -9999 -9999 -9999 -9999 -9999 -9999 -9999 -9999 -9999 -9999 -9999 -9999 -9999 -9999 -9999 -9999 -9999 -9999 -9999 -9999 409.6246 43.13157 12.96704 21.42558 67.41685 10.85139 8.640123 40.76576 67.08592 47.39784 207.6713 1086.479 293.2942 -9999 -9999 -9999 -9999 83.86282 25.08312 -9999 4.204944 1046.898 136.336 132.1031 88.40898 434.8286 435.2532 -9999 255.3347 79.19548 86.51252 49.06092 43.29271 40.46967 50.76143 46.72733 83.04832 2096.441 1682.265 79.72636 183.8817 80.30601
-9999 -9999 -9999 -9999 -9999 -9999 -9999 -9999 -9999 -9999 -9999 -9999 -9999 -9999 -9999 -9999 -9999 -9999 -9999 -9999 -9999 -9999 -9999 -9999 -9999 -9999 -9999 -9999 -9999 155.143 49.74422 14.6233 37.45675 54.82663 681.1074 7.551774 11.19507 16.95401 63.06305 -9999 -9999 144.0308 43.99563 -9999 -9999 -9999 68.69064 39.86889 -9999 -9999 360.8293 1152.078 1425.715 77.94005 70.68089 250.7496 310.0357 118.0344 39.2641 36.87622 187.3887 44.07215 66.66425 56.26537 52.29477 77.77382 373.8356 674.0109 134.13 56.77038 139.9638
-9999 -9999 -9999 -9999 -9999 -9999 26.1887 -9999 -9999 77.09721 65.44479 -9999 -9999 -9999 -9999 -9999 -9999 -9999 -9999 -9999 -9999 -9999 -9999 -9999 -9999 -9999 -9999 -9999 158.7294 85.6405 18.29869 29.45755 15.45253 29.87897 42.33784 21.74369 19.61064 332.646 1560.832 118.4825 326.7012 117.3522 149.3325 -9999 -9999 -9999 75.37096 108.2343 -9999 -9999 -9999 -9999 -9999 94.67237 98.33636 174.4972 289.8287 164.1257 44.22617 28.98622 57.86127 41.91131 15.8066 29.76018 66.13778 88.72431 41.70081 50.1412 92.11253 13.28095 293.238
-9999 -9999 -9999 -9999 -9999 -9999 -9999 -9999 -9999 47.31927 117.636 -9999 -9999 -9999 -9999 -9999 -9999 -9999 -9999 -9999 -9999 -9999 -9999 -9999 -9999 -9999 -9999 -9999 1481.029 47.82747 26.45428 42.01846 15.67542 19.11773 39.18887 11.61033 61.12552 269.0021 404.0159 268.4272 -9999 -9999 -9999 -9999 -9999 -9999 21.78094 73.4761 -9999 -9999 342.859 1201.916 189.0505 310.0915 149.4513 114.9676 -9999 -9999 55.22152 65.60542 40.01549 280.7538 30.36587 8.734286 131.5264 415.3425 73.85342 53.25628 58.48647 35.99817 46.22006
-9999 -9999 -9999 -9999 -9999 -9999 -9999 -9999 -9999 -9999 -9999 -9999 183.3969 -9999 -9999 -9999 -9999 -9999 -9999 -9999 -9999 -9999 -9999 -9999 -9999 -9999 -9999 -9999 -9999 45.38605 41.31084 97.11547 132.1329 91.20255 97.65438 18.21681 130.5098 405.2513 -9999 -9999 -9999 -9999 -9999 -9999 265.0711 61.68449 84.2625 177.295 224.7523 118.4039 146.337 99.72311 88.91904 467.1391 59.69098 -9999 -9999 -9999 91.7278 43.90334 41.26551 877.7137 69.12106 55.72955 60.50692 124.4163 64.38351 80.70358 93.2618 35.06778 81.53371
-9999 -9999 -9999 -9999 -9999 -9999 -9999 -9999 -9999 -9999 -9999 -9999 61.09075 -9999 -9999 -9999 -9999 -9999 -9999 -9999 -9999 -9999 -9999 -9999 -9999 -9999 -9999 -9999 -9999 0 27.51901 307.3615 95.1544 338.8341 86.49119 200.814 62.52709 -9999 230.6422 243.2641 422.3708 571.0206 239.5257 282.8411 275.3169 202.637 92.37808 77.71976 498.9865 275.3117 36.46156 -9999 215.3887 187.6801 -9999 -9999 -9999 -9999 -9999 34.69435 21.55052 24.73576 26.41614 38.13052 40.10057 45.89896 91.97976 44.67487 195.4066 60.09885 51.05819
-9999 -9999 -9999 -9999 -9999 -9999 -9999 -9999 -9999 -9999 -9999 -9999 -9999 -9999 -9999 -9999 -9999 -9999 -9999 -9999 -9999 -9999 -9999 -9999 -9999 -9999 -9999 -9999 -9999 -9999 -9999 319.5402 287.0664 87.246 154.4767 380.4648 177.8226 289.4327 172.8631 95.73949 50.45559 42.23538 74.6728 105.4018 96.46545 77.31559 70.20644 64.43517 202.214 258.3682 240.4336 -9999 1513.635 -9999 -9999 -9999 -9999 -9999 -9999 -9999 -9999 36.24793 72.035 111.9564 27.32608 14.24189 -9999 -9999 -9999 -9999 38.68103
-9999 -9999 -9999 -9999 -9999 -9999 -9999 -9999 -9999 -9999 -9999 -9999 -9999 -9999 -9999 -9999 -9999 -9999 -9999 -9999 -9999 -9999 -9999 -9999 -9999 -9999 -9999 -9999 -9999 -9999 -9999 369.7295 187.1918 156.9471 41.38269 60.50405 116.5422 23.50025 28.50549 12.07951 30.475 64.54911 17.93512 57.71627 13.34416 11.56575 38.63642 38.15479 163.3414 95.68165 -9999 -9999 -9999 -9999 -9999 -9999 -9999 -9999 -9999 -9999 -9999 4.219928 12.23343 23.91049 5.970248 -9999 -9999 -9999 -9999 -9999 73.46123
-9999 -9999 -9999 -9999 -9999 -9999 -9999 -9999 -9999 -9999 -9999 -9999 -9999 -9999 -9999 -9999 -9999 -9999 -9999 -9999 -9999 129.9438 -9999 -9999 -9999 -9999 -9999 -9999 -9999 236.3412 703.0131 156.4805 144.3882 48.01405 13.4301 2.794845 2.559927 9.124629 6.207437 6.764111 19.141 9.983345 4.308159 22.05228 47.93204 9.989435 9.32934 17.44846 78.41134 43.86815 -9999 -9999 -9999 -9999 -9999 -9999 -9999 -9999 -9999 -9999 -9999 -9999 -9999 -9999 -9999 -9999 -9999 -9999 -9999 -9999 -9999
-9999 -9999 -9999 -9999 -9999 -9999 -9999 -9999 -9999 -9999 -9999 -9999 -9999 -9999 -9999 -9999 -9999 -9999 -9999 -9999 120.2741 543.0397 -9999 -9999 -9999 -9999 -9999 -9999 259.4313 100.3284 86.46947 149.2852 38.98325 19.25136 5.329038 1.799633 5.078409 7.348303 4.350155 2.442667 2.5289 18.79458 17.88213 8.051288 7.758811 0.7298747 0.8560886 2.274618 8.801075 23.45885 67.00829 203.0251 36.43515 19.66015 -9999 -9999 -9999 52.70766 37.9427 22.65622 8.249627 4.752933 2.090599 -9999 -9999 -9999 -9999 -9999 -9999 -9999 -9999
-9999 -9999 -9999 -9999 -9999 -9999 -9999 -9999 -9999 -9999 -9999 -9999 -9999 -9999 -9999 -9999 -9999 -9999 -9999 -9999 -9999 -9999 -9999 -9999 -9999 -9999 -9999 -9999 71.38377 82.48634 158.9446 38.27319 25.03988 29.56368 3.261075 9.306015 9.977092 0.5033363 0.3750195 3.665378 1.627885 1.166155 4.860762 5.616214 0.4416849 0.07429663 0.07429664 0.3378155 1.282238 2.164701 4.171945 12.262 19.5484 10.71971 1.984847 1.984847 -9999 52.70766 47.70065 24.5215 7.825178 2.445664 2.158049 3.528098 16.25645 49.0342 15.38335 5620.696 1500.461 1156.739 543.0948
-9999 -9999 -9999 -9999 -9999 -9999 -9999 -9999 -9999 -9999 -9999 -9999 -9999 -9999 -9999 -9999 -9999 -9999 -9999 -9999 -9999 0 0 -9999 -9999 -9999 -9999 -9999 208.7235 46.11292 14.14326 21.64009 17.26186 0.6701936 0.6869475 1.417311 0.7905716 0.6730273 0.59531 1.148279 1.149928 1.129731 0.7077018 0.6613822 0.5692328 0.09073441 0.1015837 0.4577306 1.406913 1.683039 4.171945 5.441241 8.399551 1.984847 1.984847 1.984847 1.839797 0.9589927 0.9589926 0.9589927 1.58838 2.039504 1.842651 0.002093128 0 0.3637113 1.97198 64.55685 542.7625 2430.341 140.0112
-9999 -9999 -9999 -9999 -9999 -9999 -9999 -9999 -9999 -9999 -9999 -9999 -9999 -9999 -9999 -9999 -9999 -9999 -9999 -9999 -9999 -9999 -9999 -9999 77.29753 -9999 -9999 70.23815 36.28164 5.830506 3.771459 0.9770349 0.7167422 0.07871012 0.08902583 0.7386765 0.8316929 2.520719 2.190054 2.297756 0.6839114 0.6669873 0.6218592 0.3169214 0.08465371 0.08557153 0.1320778 0.5354908 1.524641 1.671728 4.171944 4.171944 2.700407 1.142928 1.325746 1.592901 1.613295 0.9589927 0.9589926 0.9589926 0.9589926 2.023247 1.894371 1.215904 1.050549 0 0 0 297.7218 592.3756 37.06694
-9999 -9999 -9999 -9999 -9999 -9999 -9999 -9999 -9999 -9999 -9999 -9999 -9999 -9999 -9999 -9999 -9999 -9999 -9999 50.89685 94.59147 420.3835 979.0757 50.41631 132.9355 0.6215588 18.09521 5.677492 3.085944 0.8348536 0.1086273 0.04050028 0.04050028 0.0534635 0.08601175 0.3351381 1.086109 4.629523 1.884257 0.9382864 0.7197904 0.5297193 0.1585474 0.09962895 0.07572869 0.07572869 0.1482813 0.4381128 0.9071457 0.8677902 0.9275422 0.920453 0.7674422 0.5263188 0.4747249 0.4991267 0.936511 0.9294813 0.9589927 0.9589927 0.9589927 1.882827 1.965802 0 0.01631519 0 2.61481 0.5107709 347.9826 6.112348 2.138688
-9999 -9999 -9999 -9999 -9999 -9999 -9999 -9999 -9999 -9999 -9999 -9999 -9999 -9999 -9999 -9999 -9999 -9999 -9999 35.38542 40.73686 902.6777 280.0547 -9999 82.75417 0.9312353 0.1398576 0.07170434 0.06336616 0.4495994 0.6604884 0.6112106 0.2013615 0.04050028 0.08497918 1.848366 2.000004 5.851349 1.375365 1.065453 0.6275827 0.1287237 0.1096366 0.09739593 0.08931619 0.1641535 0.260748 0.4447609 0.6118223 0.7901559 0.8992187 1.182761 2.939761 5.625836 0.8715611 0.4747249 0.4747249 0.8661817 0.9426008 0.9482834 0.949609 0.9411725 0.9264274 0 0 0.828459 0.3654593 0 261.6608 178.4018 0.3379991
-9999 -9999 -9999 -9999 -9999 -9999 -9999 -9999 -9999 -9999 -9999 -9999 -9999 -9999 -9999 -9999 -9999 -9999 -9999 -9999 -9999 -9999 -9999 23.23247 1.875137 0.07433143 4.84926 0.008251769 0.006870365 0.03601901 0.2846401 0.6354411 0.6985381 0.5532331 0.3411556 0.7099832 0.6653376 0.4196637 1.690568 2.029765 0.6195128 0.5412195 0.08242643 0.08990519 0.1429957 0.2512658 0.2512658 0.3212897 0.4868231 1.152232 2.275502 2.326989 4.05178 1.023451 0.3632099 0.4497704 0.436903 0.1799138 0.1212269 0.1212269 0.1212269 0.1212269 0.1212267 0 0 1.302423 0 0 0 386.5429 192.3273
